digraph {
label = "0#1870";
1
2
3
4
5
6
7
8
9
10
11
12
13
1 -> 5[label=2]
2 -> 5[label=1]
2 -> 6[label=3]
3 -> 6[label=2]
2 -> 7[label=5]
5 -> 7[label=2]
2 -> 8[label=4]
4 -> 8[label=2]
2 -> 9[label=6]
6 -> 9[label=2]
2 -> 10[label=8]
8 -> 10[label=2]
1 -> 11[label=9]
9 -> 11[label=1]
3 -> 11[label=7]
7 -> 11[label=3]
5 -> 11[label=6]
6 -> 11[label=5]
1 -> 12[label=10]
10 -> 12[label=1]
4 -> 12[label=7]
7 -> 12[label=4]
5 -> 12[label=8]
8 -> 12[label=5]
3 -> 13[label=10]
10 -> 13[label=3]
4 -> 13[label=9]
9 -> 13[label=4]
6 -> 13[label=8]
8 -> 13[label=6]
}
0,0,0,0,e^{12},e^{23},e^{25},e^{24},e^{26},e^{28},e^{19}+e^{37}+e^{56},e^{47}+e^{1,10}+e^{58},e^{3,10}-e^{49}-e^{68}

13: 1->[2]5, 2->[3]6, 2->[5]7, 2->[4]8, 2->[6]9, 2->[8]10, 1->[9]11, 3->[7]11, 5->[6]11, 1->[10]12, 4->[7]12, 5->[8]12, 3->[10]13, 4->[9]13, 6->[8]13
ricci-flat antidiagonal sigma: (6 13)(5 12)(4 10)(2 11)(1 3),(6 13)(5 10)(4 12)(2 11)(1 3),(6 10)(5 12)(4 13)(2 11)(1 3),(10 11)(6 13)(4 5)(2 12)(1 3),(6 13)(5 10)(4 11)(2 12)(1 3),(10 11)(5 12)(4 6)(2 13)(1 3),(6 10)(5 12)(4 11)(2 13)(1 3),(9 12)(8 13)(3 5)(2 11)(1 4),(8 13)(5 9)(3 12)(2 11)(1 4),(8 13)(5 11)(3 9)(2 12)(1 4),(8 13)(5 9)(3 11)(2 12)(1 4),(8 9)(5 11)(3 13)(2 12)(1 4),(9 12)(5 11)(3 8)(2 13)(1 4),(8 9)(5 11)(3 12)(2 13)(1 4),(8 13)(4 12)(3 6)(2 11)(1 5),(8 12)(4 13)(3 6)(2 11)(1 5),(9 12)(4 13)(3 8)(2 11)(1 5),(9 12)(7 13)(3 8)(2 11)(1 5),(8 13)(4 12)(3 9)(2 11)(1 5),(8 12)(4 13)(3 9)(2 11)(1 5),(6 13)(4 8)(3 12)(2 11)(1 5),(6 13)(4 10)(3 12)(2 11)(1 5),(8 12)(4 6)(3 13)(2 11)(1 5),(6 12)(4 8)(3 13)(2 11)(1 5),(9 12)(4 8)(3 13)(2 11)(1 5),(6 12)(4 10)(3 13)(2 11)(1 5),(9 12)(7 8)(3 13)(2 11)(1 5),(7 13)(6 12)(4 10)(2 11)(1 5),(8 13)(4 11)(3 6)(2 12)(1 5),(8 11)(4 13)(3 6)(2 12)(1 5),(10 11)(4 13)(3 6)(2 12)(1 5),(6 11)(4 13)(3 8)(2 12)(1 5),(8 13)(4 11)(3 9)(2 12)(1 5),(8 11)(4 13)(3 9)(2 12)(1 5),(8 11)(7 13)(3 9)(2 12)(1 5),(6 13)(4 8)(3 11)(2 12)(1 5),(6 13)(4 10)(3 11)(2 12)(1 5),(10 11)(4 6)(3 13)(2 12)(1 5),(6 11)(4 8)(3 13)(2 12)(1 5),(6 11)(4 10)(3 13)(2 12)(1 5),(10 11)(7 13)(4 6)(2 12)(1 5),(10 11)(6 7)(4 13)(2 12)(1 5),(8 12)(4 11)(3 6)(2 13)(1 5),(8 11)(4 12)(3 6)(2 13)(1 5),(10 11)(4 12)(3 6)(2 13)(1 5),(9 12)(4 11)(3 8)(2 13)(1 5),(6 11)(4 12)(3 8)(2 13)(1 5),(8 12)(4 11)(3 9)(2 13)(1 5),(8 11)(4 12)(3 9)(2 13)(1 5),(8 12)(4 6)(3 11)(2 13)(1 5),(6 12)(4 8)(3 11)(2 13)(1 5),(9 12)(4 8)(3 11)(2 13)(1 5),(6 12)(4 10)(3 11)(2 13)(1 5),(9 12)(7 8)(3 11)(2 13)(1 5),(10 11)(4 6)(3 12)(2 13)(1 5),(6 11)(4 8)(3 12)(2 13)(1 5),(6 11)(4 10)(3 12)(2 13)(1 5),(10 11)(6 7)(4 12)(2 13)(1 5),(8 13)(4 12)(3 11)(2 7)(1 6),(8 13)(4 11)(3 12)(2 7)(1 6),(8 12)(7 13)(3 4)(2 11)(1 6),(8 13)(4 12)(3 5)(2 11)(1 6),(8 12)(4 13)(3 5)(2 11)(1 6),(7 13)(4 12)(3 8)(2 11)(1 6),(5 12)(4 13)(3 8)(2 11)(1 6),(8 13)(4 5)(3 12)(2 11)(1 6),(7 13)(4 8)(3 12)(2 11)(1 6),(7 8)(4 13)(3 12)(2 11)(1 6),(9 13)(7 8)(3 12)(2 11)(1 6),(5 12)(4 8)(3 13)(2 11)(1 6),(5 12)(4 10)(3 13)(2 11)(1 6),(7 8)(4 12)(3 13)(2 11)(1 6),(7 13)(5 12)(4 10)(2 11)(1 6),(10 13)(7 8)(4 12)(2 11)(1 6),(8 13)(4 11)(3 5)(2 12)(1 6),(8 11)(4 13)(3 5)(2 12)(1 6),(10 11)(4 13)(3 5)(2 12)(1 6),(7 13)(4 11)(3 8)(2 12)(1 6),(8 11)(7 13)(3 9)(2 12)(1 6),(8 13)(4 5)(3 11)(2 12)(1 6),(7 13)(4 8)(3 11)(2 12)(1 6),(7 8)(4 13)(3 11)(2 12)(1 6),(9 13)(7 8)(3 11)(2 12)(1 6),(10 11)(4 5)(3 13)(2 12)(1 6),(7 8)(4 11)(3 13)(2 12)(1 6),(10 11)(7 13)(4 8)(2 12)(1 6),(8 11)(7 13)(4 10)(2 12)(1 6),(10 13)(7 8)(4 11)(2 12)(1 6),(10 11)(5 7)(4 13)(2 12)(1 6),(9 10)(8 11)(7 13)(2 12)(1 6),(8 12)(4 11)(3 5)(2 13)(1 6),(8 11)(4 12)(3 5)(2 13)(1 6),(10 11)(4 12)(3 5)(2 13)(1 6),(5 12)(4 11)(3 8)(2 13)(1 6),(5 12)(4 8)(3 11)(2 13)(1 6),(5 12)(4 10)(3 11)(2 13)(1 6),(7 8)(4 12)(3 11)(2 13)(1 6),(10 11)(4 5)(3 12)(2 13)(1 6),(7 8)(4 11)(3 12)(2 13)(1 6),(7 11)(5 12)(4 10)(2 13)(1 6),(10 11)(5 7)(4 12)(2 13)(1 6),(8 13)(4 12)(3 6)(2 11)(1 7),(8 12)(4 13)(3 6)(2 11)(1 7),(9 12)(5 13)(3 8)(2 11)(1 7),(6 13)(4 8)(3 12)(2 11)(1 7),(8 9)(5 13)(3 12)(2 11)(1 7),(8 9)(6 13)(3 12)(2 11)(1 7),(8 12)(4 6)(3 13)(2 11)(1 7),(6 12)(4 8)(3 13)(2 11)(1 7),(8 9)(6 12)(3 13)(2 11)(1 7),(10 13)(8 12)(4 6)(2 11)(1 7),(6 10)(5 13)(4 12)(2 11)(1 7),(8 13)(6 10)(4 12)(2 11)(1 7),(6 12)(5 10)(4 13)(2 11)(1 7),(8 12)(6 10)(4 13)(2 11)(1 7),(8 10)(6 12)(4 13)(2 11)(1 7),(9 13)(8 10)(6 12)(2 11)(1 7),(8 13)(4 11)(3 6)(2 12)(1 7),(8 11)(4 13)(3 6)(2 12)(1 7),(6 11)(4 13)(3 8)(2 12)(1 7),(9 13)(6 11)(3 8)(2 12)(1 7),(6 13)(4 8)(3 11)(2 12)(1 7),(8 9)(5 13)(3 11)(2 12)(1 7),(8 9)(6 13)(3 11)(2 12)(1 7),(6 11)(4 8)(3 13)(2 12)(1 7),(8 11)(5 9)(3 13)(2 12)(1 7),(8 11)(6 9)(3 13)(2 12)(1 7),(8 9)(6 11)(3 13)(2 12)(1 7),(10 11)(5 13)(4 6)(2 12)(1 7),(6 10)(5 13)(4 11)(2 12)(1 7),(8 13)(6 10)(4 11)(2 12)(1 7),(8 11)(6 10)(4 13)(2 12)(1 7),(10 13)(8 11)(6 9)(2 12)(1 7),(8 12)(6 11)(3 4)(2 13)(1 7),(9 12)(8 11)(3 5)(2 13)(1 7),(8 12)(4 11)(3 6)(2 13)(1 7),(8 11)(4 12)(3 6)(2 13)(1 7),(9 12)(8 11)(3 6)(2 13)(1 7),(6 11)(4 12)(3 8)(2 13)(1 7),(9 12)(6 11)(3 8)(2 13)(1 7),(8 12)(4 6)(3 11)(2 13)(1 7),(6 12)(4 8)(3 11)(2 13)(1 7),(8 9)(6 12)(3 11)(2 13)(1 7),(6 11)(4 8)(3 12)(2 13)(1 7),(8 11)(5 9)(3 12)(2 13)(1 7),(8 11)(6 9)(3 12)(2 13)(1 7),(8 9)(6 11)(3 12)(2 13)(1 7),(10 11)(6 12)(4 5)(2 13)(1 7),(10 11)(8 12)(4 6)(2 13)(1 7),(10 11)(6 12)(4 8)(2 13)(1 7),(6 12)(5 10)(4 11)(2 13)(1 7),(8 12)(6 10)(4 11)(2 13)(1 7),(8 10)(6 12)(4 11)(2 13)(1 7),(8 11)(6 10)(4 12)(2 13)(1 7),(10 12)(8 11)(6 9)(2 13)(1 7),(9 11)(8 10)(6 12)(2 13)(1 7),(9 10)(8 11)(6 12)(2 13)(1 7),(6 13)(4 12)(3 11)(2 7)(1 8),(6 13)(4 11)(3 12)(2 7)(1 8),(6 13)(4 12)(3 5)(2 11)(1 8),(9 12)(4 13)(3 5)(2 11)(1 8),(7 13)(4 12)(3 6)(2 11)(1 8),(9 12)(7 13)(3 6)(2 11)(1 8),(7 13)(6 12)(3 9)(2 11)(1 8),(6 13)(4 5)(3 12)(2 11)(1 8),(7 13)(4 6)(3 12)(2 11)(1 8),(6 7)(4 13)(3 12)(2 11)(1 8),(9 13)(6 7)(3 12)(2 11)(1 8),(6 12)(4 5)(3 13)(2 11)(1 8),(9 12)(4 5)(3 13)(2 11)(1 8),(6 7)(4 12)(3 13)(2 11)(1 8),(9 12)(5 7)(3 13)(2 11)(1 8),(7 13)(6 12)(4 10)(2 11)(1 8),(10 13)(6 7)(4 12)(2 11)(1 8),(9 10)(7 13)(6 12)(2 11)(1 8),(7 13)(6 11)(3 4)(2 12)(1 8),(6 13)(4 11)(3 5)(2 12)(1 8),(7 13)(4 11)(3 6)(2 12)(1 8),(5 11)(4 13)(3 6)(2 12)(1 8),(5 11)(4 13)(3 9)(2 12)(1 8),(7 13)(5 11)(3 9)(2 12)(1 8),(6 13)(4 5)(3 11)(2 12)(1 8),(7 13)(4 6)(3 11)(2 12)(1 8),(6 7)(4 13)(3 11)(2 12)(1 8),(9 13)(6 7)(3 11)(2 12)(1 8),(6 11)(4 5)(3 13)(2 12)(1 8),(5 11)(4 6)(3 13)(2 12)(1 8),(6 7)(4 11)(3 13)(2 12)(1 8),(10 13)(6 7)(4 11)(2 12)(1 8),(9 12)(4 11)(3 5)(2 13)(1 8),(5 11)(4 12)(3 6)(2 13)(1 8),(5 11)(4 12)(3 9)(2 13)(1 8),(7 12)(5 11)(3 9)(2 13)(1 8),(6 12)(4 5)(3 11)(2 13)(1 8),(9 12)(4 5)(3 11)(2 13)(1 8),(6 7)(4 12)(3 11)(2 13)(1 8),(9 12)(5 7)(3 11)(2 13)(1 8),(6 11)(4 5)(3 12)(2 13)(1 8),(5 11)(4 6)(3 12)(2 13)(1 8),(6 7)(4 11)(3 12)(2 13)(1 8),(8 12)(4 13)(3 5)(2 9)(1 11),(5 12)(4 13)(3 8)(2 9)(1 11),(6 13)(4 8)(3 5)(2 12)(1 11),(6 13)(4 10)(3 5)(2 12)(1 11),(8 9)(4 13)(3 5)(2 12)(1 11),(8 13)(4 5)(3 6)(2 12)(1 11),(5 13)(4 8)(3 6)(2 12)(1 11),(7 13)(4 8)(3 6)(2 12)(1 11),(5 13)(4 10)(3 6)(2 12)(1 11),(8 9)(7 13)(3 6)(2 12)(1 11),(5 13)(4 6)(3 8)(2 12)(1 11),(7 13)(4 6)(3 8)(2 12)(1 11),(5 9)(4 13)(3 8)(2 12)(1 11),(7 13)(6 9)(3 8)(2 12)(1 11),(8 13)(4 5)(3 9)(2 12)(1 11),(5 13)(4 8)(3 9)(2 12)(1 11),(7 8)(5 13)(3 9)(2 12)(1 11),(6 10)(4 5)(3 13)(2 12)(1 11),(5 10)(4 6)(3 13)(2 12)(1 11),(8 9)(5 7)(3 13)(2 12)(1 11),(7 8)(5 9)(3 13)(2 12)(1 11),(8 9)(6 7)(3 13)(2 12)(1 11),(7 8)(6 9)(3 13)(2 12)(1 11),(8 10)(7 13)(4 6)(2 12)(1 11),(7 13)(6 10)(4 8)(2 12)(1 11),(6 7)(5 13)(4 10)(2 12)(1 11),(6 10)(5 7)(4 13)(2 12)(1 11),(6 7)(5 10)(4 13)(2 12)(1 11),(8 10)(6 7)(4 13)(2 12)(1 11),(7 8)(6 10)(4 13)(2 12)(1 11),(9 13)(8 10)(6 7)(2 12)(1 11),(10 13)(7 8)(6 9)(2 12)(1 11),(8 10)(7 13)(6 9)(2 12)(1 11),(8 9)(7 13)(6 10)(2 12)(1 11),(8 12)(6 7)(3 4)(2 13)(1 11),(8 12)(4 6)(3 5)(2 13)(1 11),(9 12)(4 8)(3 5)(2 13)(1 11),(8 9)(4 12)(3 5)(2 13)(1 11),(8 9)(7 12)(3 5)(2 13)(1 11),(5 12)(4 8)(3 6)(2 13)(1 11),(5 12)(4 10)(3 6)(2 13)(1 11),(9 12)(4 5)(3 8)(2 13)(1 11),(5 12)(4 6)(3 8)(2 13)(1 11),(5 9)(4 12)(3 8)(2 13)(1 11),(7 12)(5 9)(3 8)(2 13)(1 11),(5 12)(4 8)(3 9)(2 13)(1 11),(7 8)(5 12)(3 9)(2 13)(1 11),(7 8)(6 12)(3 9)(2 13)(1 11),(6 10)(4 5)(3 12)(2 13)(1 11),(5 10)(4 6)(3 12)(2 13)(1 11),(8 9)(5 7)(3 12)(2 13)(1 11),(7 8)(5 9)(3 12)(2 13)(1 11),(8 9)(6 7)(3 12)(2 13)(1 11),(7 8)(6 9)(3 12)(2 13)(1 11),(6 12)(5 7)(4 10)(2 13)(1 11),(6 7)(5 12)(4 10)(2 13)(1 11),(7 8)(6 12)(4 10)(2 13)(1 11),(6 10)(5 7)(4 12)(2 13)(1 11),(6 7)(5 10)(4 12)(2 13)(1 11),(8 10)(6 7)(4 12)(2 13)(1 11),(7 8)(6 10)(4 12)(2 13)(1 11),(10 12)(8 9)(6 7)(2 13)(1 11),(9 10)(7 8)(6 12)(2 13)(1 11),(6 11)(4 5)(3 13)(2 10)(1 12),(5 11)(4 6)(3 13)(2 10)(1 12),(6 13)(4 8)(3 5)(2 11)(1 12),(6 13)(4 10)(3 5)(2 11)(1 12),(8 9)(4 13)(3 5)(2 11)(1 12),(8 13)(4 5)(3 6)(2 11)(1 12),(5 13)(4 8)(3 6)(2 11)(1 12),(7 13)(4 8)(3 6)(2 11)(1 12),(5 13)(4 10)(3 6)(2 11)(1 12),(8 9)(7 13)(3 6)(2 11)(1 12),(5 13)(4 6)(3 8)(2 11)(1 12),(7 13)(4 6)(3 8)(2 11)(1 12),(5 9)(4 13)(3 8)(2 11)(1 12),(7 13)(6 9)(3 8)(2 11)(1 12),(8 13)(4 5)(3 9)(2 11)(1 12),(5 13)(4 8)(3 9)(2 11)(1 12),(7 8)(5 13)(3 9)(2 11)(1 12),(6 10)(4 5)(3 13)(2 11)(1 12),(5 10)(4 6)(3 13)(2 11)(1 12),(8 9)(5 7)(3 13)(2 11)(1 12),(7 8)(5 9)(3 13)(2 11)(1 12),(8 9)(6 7)(3 13)(2 11)(1 12),(7 8)(6 9)(3 13)(2 11)(1 12),(8 10)(7 13)(4 6)(2 11)(1 12),(7 13)(6 10)(4 8)(2 11)(1 12),(6 7)(5 13)(4 10)(2 11)(1 12),(6 10)(5 7)(4 13)(2 11)(1 12),(6 7)(5 10)(4 13)(2 11)(1 12),(8 10)(6 7)(4 13)(2 11)(1 12),(7 8)(6 10)(4 13)(2 11)(1 12),(9 13)(8 10)(6 7)(2 11)(1 12),(10 13)(7 8)(6 9)(2 11)(1 12),(8 10)(7 13)(6 9)(2 11)(1 12),(8 9)(7 13)(6 10)(2 11)(1 12),(7 8)(6 11)(3 4)(2 13)(1 12),(10 11)(4 6)(3 5)(2 13)(1 12),(8 9)(4 11)(3 5)(2 13)(1 12),(10 11)(4 5)(3 6)(2 13)(1 12),(5 11)(4 8)(3 6)(2 13)(1 12),(5 11)(4 10)(3 6)(2 13)(1 12),(6 11)(4 5)(3 8)(2 13)(1 12),(5 11)(4 6)(3 8)(2 13)(1 12),(5 9)(4 11)(3 8)(2 13)(1 12),(5 11)(4 8)(3 9)(2 13)(1 12),(8 11)(5 7)(3 9)(2 13)(1 12),(7 8)(5 11)(3 9)(2 13)(1 12),(8 11)(6 7)(3 9)(2 13)(1 12),(6 10)(4 5)(3 11)(2 13)(1 12),(5 10)(4 6)(3 11)(2 13)(1 12),(8 9)(5 7)(3 11)(2 13)(1 12),(7 8)(5 9)(3 11)(2 13)(1 12),(8 9)(6 7)(3 11)(2 13)(1 12),(7 8)(6 9)(3 11)(2 13)(1 12),(7 11)(6 10)(4 5)(2 13)(1 12),(7 11)(5 10)(4 6)(2 13)(1 12),(6 7)(5 11)(4 10)(2 13)(1 12),(8 11)(6 7)(4 10)(2 13)(1 12),(6 10)(5 7)(4 11)(2 13)(1 12),(6 7)(5 10)(4 11)(2 13)(1 12),(8 10)(6 7)(4 11)(2 13)(1 12),(7 8)(6 10)(4 11)(2 13)(1 12),(9 10)(8 11)(6 7)(2 13)(1 12),(9 11)(7 8)(6 10)(2 13)(1 12),(8 12)(4 11)(3 5)(2 9)(1 13),(5 12)(4 11)(3 8)(2 9)(1 13),(6 11)(4 5)(3 12)(2 10)(1 13),(5 11)(4 6)(3 12)(2 10)(1 13),(8 12)(6 7)(3 4)(2 11)(1 13),(8 12)(4 6)(3 5)(2 11)(1 13),(9 12)(4 8)(3 5)(2 11)(1 13),(8 9)(4 12)(3 5)(2 11)(1 13),(8 9)(7 12)(3 5)(2 11)(1 13),(5 12)(4 8)(3 6)(2 11)(1 13),(5 12)(4 10)(3 6)(2 11)(1 13),(9 12)(4 5)(3 8)(2 11)(1 13),(5 12)(4 6)(3 8)(2 11)(1 13),(5 9)(4 12)(3 8)(2 11)(1 13),(7 12)(5 9)(3 8)(2 11)(1 13),(5 12)(4 8)(3 9)(2 11)(1 13),(7 8)(5 12)(3 9)(2 11)(1 13),(7 8)(6 12)(3 9)(2 11)(1 13),(6 10)(4 5)(3 12)(2 11)(1 13),(5 10)(4 6)(3 12)(2 11)(1 13),(8 9)(5 7)(3 12)(2 11)(1 13),(7 8)(5 9)(3 12)(2 11)(1 13),(8 9)(6 7)(3 12)(2 11)(1 13),(7 8)(6 9)(3 12)(2 11)(1 13),(6 12)(5 7)(4 10)(2 11)(1 13),(6 7)(5 12)(4 10)(2 11)(1 13),(7 8)(6 12)(4 10)(2 11)(1 13),(6 10)(5 7)(4 12)(2 11)(1 13),(6 7)(5 10)(4 12)(2 11)(1 13),(8 10)(6 7)(4 12)(2 11)(1 13),(7 8)(6 10)(4 12)(2 11)(1 13),(10 12)(8 9)(6 7)(2 11)(1 13),(9 10)(7 8)(6 12)(2 11)(1 13),(7 8)(6 11)(3 4)(2 12)(1 13),(10 11)(4 6)(3 5)(2 12)(1 13),(8 9)(4 11)(3 5)(2 12)(1 13),(10 11)(4 5)(3 6)(2 12)(1 13),(5 11)(4 8)(3 6)(2 12)(1 13),(5 11)(4 10)(3 6)(2 12)(1 13),(6 11)(4 5)(3 8)(2 12)(1 13),(5 11)(4 6)(3 8)(2 12)(1 13),(5 9)(4 11)(3 8)(2 12)(1 13),(5 11)(4 8)(3 9)(2 12)(1 13),(8 11)(5 7)(3 9)(2 12)(1 13),(7 8)(5 11)(3 9)(2 12)(1 13),(8 11)(6 7)(3 9)(2 12)(1 13),(6 10)(4 5)(3 11)(2 12)(1 13),(5 10)(4 6)(3 11)(2 12)(1 13),(8 9)(5 7)(3 11)(2 12)(1 13),(7 8)(5 9)(3 11)(2 12)(1 13),(8 9)(6 7)(3 11)(2 12)(1 13),(7 8)(6 9)(3 11)(2 12)(1 13),(7 11)(6 10)(4 5)(2 12)(1 13),(7 11)(5 10)(4 6)(2 12)(1 13),(6 7)(5 11)(4 10)(2 12)(1 13),(8 11)(6 7)(4 10)(2 12)(1 13),(6 10)(5 7)(4 11)(2 12)(1 13),(6 7)(5 10)(4 11)(2 12)(1 13),(8 10)(6 7)(4 11)(2 12)(1 13),(7 8)(6 10)(4 11)(2 12)(1 13),(9 10)(8 11)(6 7)(2 12)(1 13),(9 11)(7 8)(6 10)(2 12)(1 13),(9 12)(6 13)(4 10)(3 5)(2 11),(10 12)(8 9)(4 13)(3 5)(2 11),(9 12)(5 13)(4 10)(3 6)(2 11),(9 12)(5 13)(4 10)(3 8)(2 11),(10 12)(5 9)(4 13)(3 8)(2 11),(9 12)(7 10)(5 13)(3 8)(2 11),(10 12)(8 13)(4 5)(3 9)(2 11),(8 13)(5 10)(4 12)(3 9)(2 11),(6 10)(5 13)(4 12)(3 9)(2 11),(8 10)(5 13)(4 12)(3 9)(2 11),(6 12)(5 10)(4 13)(3 9)(2 11),(8 12)(5 10)(4 13)(3 9)(2 11),(8 10)(7 12)(5 13)(3 9)(2 11),(6 13)(5 9)(4 10)(3 12)(2 11),(6 9)(5 13)(4 10)(3 12)(2 11),(8 9)(5 13)(4 10)(3 12)(2 11),(6 10)(5 9)(4 13)(3 12)(2 11),(8 10)(5 9)(4 13)(3 12)(2 11),(6 9)(5 10)(4 13)(3 12)(2 11),(8 9)(5 10)(4 13)(3 12)(2 11),(10 13)(7 8)(5 9)(3 12)(2 11),(8 9)(7 10)(5 13)(3 12)(2 11),(9 12)(8 10)(4 5)(3 13)(2 11),(9 12)(5 10)(4 8)(3 13)(2 11),(6 12)(5 9)(4 10)(3 13)(2 11),(6 10)(5 9)(4 12)(3 13)(2 11),(8 10)(5 9)(4 12)(3 13)(2 11),(6 9)(5 10)(4 12)(3 13)(2 11),(8 9)(5 10)(4 12)(3 13)(2 11),(10 12)(8 9)(5 7)(3 13)(2 11),(9 12)(8 10)(5 7)(3 13)(2 11),(8 10)(7 12)(5 9)(3 13)(2 11),(9 12)(7 8)(5 10)(3 13)(2 11),(9 13)(6 12)(5 7)(4 10)(2 11),(7 12)(6 9)(5 13)(4 10)(2 11),(7 9)(6 12)(5 13)(4 10)(2 11),(9 13)(6 7)(5 10)(4 12)(2 11),(7 9)(6 10)(5 13)(4 12)(2 11),(7 12)(6 10)(5 9)(4 13)(2 11),(7 9)(6 12)(5 10)(4 13)(2 11),(9 13)(8 10)(6 12)(5 7)(2 11),(10 13)(7 8)(6 12)(5 9)(2 11),(9 13)(7 8)(6 12)(5 10)(2 11),(10 12)(8 9)(6 7)(5 13)(2 11),(8 10)(7 12)(6 9)(5 13)(2 11),(8 9)(7 12)(6 10)(5 13)(2 11),(9 11)(6 13)(4 10)(3 5)(2 12),(10 11)(6 9)(4 13)(3 5)(2 12),(10 11)(5 9)(4 13)(3 6)(2 12),(10 11)(8 13)(4 5)(3 9)(2 12),(10 11)(5 13)(4 6)(3 9)(2 12),(10 11)(5 13)(4 8)(3 9)(2 12),(8 13)(5 10)(4 11)(3 9)(2 12),(6 10)(5 13)(4 11)(3 9)(2 12),(8 10)(5 13)(4 11)(3 9)(2 12),(8 11)(5 10)(4 13)(3 9)(2 12),(10 13)(8 11)(5 7)(3 9)(2 12),(8 11)(7 10)(5 13)(3 9)(2 12),(8 10)(7 11)(5 13)(3 9)(2 12),(6 13)(5 9)(4 10)(3 11)(2 12),(6 9)(5 13)(4 10)(3 11)(2 12),(8 9)(5 13)(4 10)(3 11)(2 12),(6 10)(5 9)(4 13)(3 11)(2 12),(8 10)(5 9)(4 13)(3 11)(2 12),(6 9)(5 10)(4 13)(3 11)(2 12),(8 9)(5 10)(4 13)(3 11)(2 12),(10 13)(7 8)(5 9)(3 11)(2 12),(8 9)(7 10)(5 13)(3 11)(2 12),(9 11)(6 10)(4 5)(3 13)(2 12),(9 11)(5 10)(4 6)(3 13)(2 12),(6 11)(5 9)(4 10)(3 13)(2 12),(8 11)(5 9)(4 10)(3 13)(2 12),(6 10)(5 9)(4 11)(3 13)(2 12),(8 10)(5 9)(4 11)(3 13)(2 12),(6 9)(5 10)(4 11)(3 13)(2 12),(8 9)(5 10)(4 11)(3 13)(2 12),(8 11)(7 10)(5 9)(3 13)(2 12),(8 9)(7 11)(5 10)(3 13)(2 12),(10 11)(7 9)(5 13)(4 6)(2 12),(7 11)(6 9)(5 13)(4 10)(2 12),(9 13)(6 7)(5 10)(4 11)(2 12),(7 9)(6 10)(5 13)(4 11)(2 12),(10 11)(6 9)(5 7)(4 13)(2 12),(9 11)(6 10)(5 7)(4 13)(2 12),(10 11)(6 7)(5 9)(4 13)(2 12),(7 11)(6 9)(5 10)(4 13)(2 12),(10 13)(8 11)(6 9)(5 7)(2 12),(10 13)(8 11)(6 7)(5 9)(2 12),(9 13)(8 11)(6 7)(5 10)(2 12),(8 10)(7 11)(6 9)(5 13)(2 12),(9 11)(7 8)(6 10)(5 13)(2 12),(8 9)(7 11)(6 10)(5 13)(2 12),(10 11)(9 12)(4 8)(3 5)(2 13),(9 12)(8 11)(4 10)(3 5)(2 13),(10 12)(8 9)(4 11)(3 5)(2 13),(10 11)(6 9)(4 12)(3 5)(2 13),(9 12)(8 11)(7 10)(3 5)(2 13),(10 11)(9 12)(4 5)(3 6)(2 13),(10 11)(5 9)(4 12)(3 6)(2 13),(10 12)(5 9)(4 11)(3 8)(2 13),(10 11)(6 12)(4 5)(3 9)(2 13),(6 12)(5 10)(4 11)(3 9)(2 13),(8 12)(5 10)(4 11)(3 9)(2 13),(8 11)(5 10)(4 12)(3 9)(2 13),(10 12)(8 11)(5 7)(3 9)(2 13),(9 12)(8 10)(4 5)(3 11)(2 13),(9 12)(5 10)(4 8)(3 11)(2 13),(6 12)(5 9)(4 10)(3 11)(2 13),(6 10)(5 9)(4 12)(3 11)(2 13),(8 10)(5 9)(4 12)(3 11)(2 13),(6 9)(5 10)(4 12)(3 11)(2 13),(8 9)(5 10)(4 12)(3 11)(2 13),(10 12)(8 9)(5 7)(3 11)(2 13),(9 12)(8 10)(5 7)(3 11)(2 13),(8 10)(7 12)(5 9)(3 11)(2 13),(9 12)(7 8)(5 10)(3 11)(2 13),(9 11)(6 10)(4 5)(3 12)(2 13),(9 11)(5 10)(4 6)(3 12)(2 13),(6 11)(5 9)(4 10)(3 12)(2 13),(8 11)(5 9)(4 10)(3 12)(2 13),(6 10)(5 9)(4 11)(3 12)(2 13),(8 10)(5 9)(4 11)(3 12)(2 13),(6 9)(5 10)(4 11)(3 12)(2 13),(8 9)(5 10)(4 11)(3 12)(2 13),(8 11)(7 10)(5 9)(3 12)(2 13),(8 9)(7 11)(5 10)(3 12)(2 13),(10 11)(7 9)(6 12)(4 5)(2 13),(9 11)(6 12)(5 7)(4 10)(2 13),(7 12)(6 10)(5 9)(4 11)(2 13),(7 9)(6 12)(5 10)(4 11)(2 13),(10 11)(6 9)(5 7)(4 12)(2 13),(9 11)(6 10)(5 7)(4 12)(2 13),(10 11)(6 7)(5 9)(4 12)(2 13),(7 11)(6 9)(5 10)(4 12)(2 13),(10 12)(8 11)(6 9)(5 7)(2 13),(9 11)(8 10)(6 12)(5 7)(2 13),(10 12)(8 11)(6 7)(5 9)(2 13),(8 11)(7 12)(6 10)(5 9)(2 13),(9 11)(7 8)(6 12)(5 10)(2 13),(8 9)(7 11)(6 12)(5 10)(2 13),(9 12)(8 10)(6 13)(4 5)(2 11)(1 3),(8 10)(7 13)(5 12)(4 6)(2 11)(1 3),(9 12)(6 13)(5 10)(4 8)(2 11)(1 3),(7 13)(6 10)(5 12)(4 8)(2 11)(1 3),(9 12)(6 13)(5 7)(4 10)(2 11)(1 3),(7 12)(6 13)(5 9)(4 10)(2 11)(1 3),(9 13)(6 7)(5 12)(4 10)(2 11)(1 3),(7 13)(6 9)(5 12)(4 10)(2 11)(1 3),(7 8)(6 13)(5 12)(4 10)(2 11)(1 3),(8 9)(6 13)(5 12)(4 10)(2 11)(1 3),(8 9)(7 13)(5 12)(4 10)(2 11)(1 3),(9 12)(7 8)(6 13)(4 10)(2 11)(1 3),(8 13)(6 10)(5 7)(4 12)(2 11)(1 3),(8 10)(6 13)(5 7)(4 12)(2 11)(1 3),(8 13)(6 10)(5 9)(4 12)(2 11)(1 3),(8 10)(6 13)(5 9)(4 12)(2 11)(1 3),(10 13)(7 8)(5 9)(4 12)(2 11)(1 3),(8 13)(6 7)(5 10)(4 12)(2 11)(1 3),(9 13)(6 7)(5 10)(4 12)(2 11)(1 3),(8 13)(6 9)(5 10)(4 12)(2 11)(1 3),(7 8)(6 13)(5 10)(4 12)(2 11)(1 3),(8 9)(6 13)(5 10)(4 12)(2 11)(1 3),(9 13)(8 10)(6 7)(4 12)(2 11)(1 3),(10 13)(7 8)(6 9)(4 12)(2 11)(1 3),(8 10)(7 13)(6 9)(4 12)(2 11)(1 3),(8 9)(7 13)(6 10)(4 12)(2 11)(1 3),(8 12)(6 10)(5 7)(4 13)(2 11)(1 3),(10 12)(8 9)(5 7)(4 13)(2 11)(1 3),(9 12)(8 10)(5 7)(4 13)(2 11)(1 3),(7 12)(6 10)(5 9)(4 13)(2 11)(1 3),(8 12)(6 10)(5 9)(4 13)(2 11)(1 3),(8 10)(7 12)(5 9)(4 13)(2 11)(1 3),(8 12)(6 7)(5 10)(4 13)(2 11)(1 3),(8 12)(6 9)(5 10)(4 13)(2 11)(1 3),(9 12)(7 8)(5 10)(4 13)(2 11)(1 3),(8 10)(6 7)(5 12)(4 13)(2 11)(1 3),(8 10)(6 9)(5 12)(4 13)(2 11)(1 3),(7 8)(6 10)(5 12)(4 13)(2 11)(1 3),(8 9)(6 10)(5 12)(4 13)(2 11)(1 3),(10 12)(8 9)(6 7)(4 13)(2 11)(1 3),(10 12)(8 9)(6 13)(5 7)(2 11)(1 3),(9 12)(8 10)(6 13)(5 7)(2 11)(1 3),(8 10)(7 12)(6 13)(5 9)(2 11)(1 3),(9 12)(7 8)(6 13)(5 10)(2 11)(1 3),(9 13)(8 10)(6 7)(5 12)(2 11)(1 3),(10 13)(7 8)(6 9)(5 12)(2 11)(1 3),(8 10)(7 13)(6 9)(5 12)(2 11)(1 3),(8 9)(7 13)(6 10)(5 12)(2 11)(1 3),(8 13)(7 11)(6 10)(4 5)(2 12)(1 3),(9 11)(8 13)(6 10)(4 5)(2 12)(1 3),(8 10)(7 11)(6 13)(4 5)(2 12)(1 3),(9 11)(8 10)(6 13)(4 5)(2 12)(1 3),(9 11)(8 10)(7 13)(4 6)(2 12)(1 3),(7 11)(6 13)(5 10)(4 8)(2 12)(1 3),(9 11)(6 13)(5 10)(4 8)(2 12)(1 3),(9 11)(7 13)(6 10)(4 8)(2 12)(1 3),(8 11)(6 13)(5 7)(4 10)(2 12)(1 3),(9 11)(6 13)(5 7)(4 10)(2 12)(1 3),(8 11)(6 13)(5 9)(4 10)(2 12)(1 3),(9 13)(8 11)(6 7)(4 10)(2 12)(1 3),(8 11)(7 13)(6 9)(4 10)(2 12)(1 3),(9 11)(7 8)(6 13)(4 10)(2 12)(1 3),(8 13)(6 10)(5 7)(4 11)(2 12)(1 3),(8 10)(6 13)(5 7)(4 11)(2 12)(1 3),(8 13)(6 10)(5 9)(4 11)(2 12)(1 3),(8 10)(6 13)(5 9)(4 11)(2 12)(1 3),(10 13)(7 8)(5 9)(4 11)(2 12)(1 3),(8 13)(6 7)(5 10)(4 11)(2 12)(1 3),(9 13)(6 7)(5 10)(4 11)(2 12)(1 3),(8 13)(6 9)(5 10)(4 11)(2 12)(1 3),(7 8)(6 13)(5 10)(4 11)(2 12)(1 3),(8 9)(6 13)(5 10)(4 11)(2 12)(1 3),(9 13)(8 10)(6 7)(4 11)(2 12)(1 3),(10 13)(7 8)(6 9)(4 11)(2 12)(1 3),(8 10)(7 13)(6 9)(4 11)(2 12)(1 3),(8 9)(7 13)(6 10)(4 11)(2 12)(1 3),(10 11)(6 9)(5 7)(4 13)(2 12)(1 3),(8 11)(6 10)(5 7)(4 13)(2 12)(1 3),(9 11)(6 10)(5 7)(4 13)(2 12)(1 3),(10 11)(6 7)(5 9)(4 13)(2 12)(1 3),(8 11)(6 10)(5 9)(4 13)(2 12)(1 3),(8 11)(6 7)(5 10)(4 13)(2 12)(1 3),(7 11)(6 9)(5 10)(4 13)(2 12)(1 3),(8 11)(6 9)(5 10)(4 13)(2 12)(1 3),(8 9)(7 11)(5 10)(4 13)(2 12)(1 3),(9 11)(7 8)(6 10)(4 13)(2 12)(1 3),(10 13)(8 11)(6 9)(5 7)(2 12)(1 3),(9 11)(8 10)(6 13)(5 7)(2 12)(1 3),(10 13)(8 11)(6 7)(5 9)(2 12)(1 3),(9 13)(8 11)(6 7)(5 10)(2 12)(1 3),(9 11)(7 8)(6 13)(5 10)(2 12)(1 3),(8 9)(7 11)(6 13)(5 10)(2 12)(1 3),(9 12)(8 10)(7 11)(4 5)(2 13)(1 3),(8 12)(7 11)(5 10)(4 6)(2 13)(1 3),(9 11)(8 12)(5 10)(4 6)(2 13)(1 3),(8 10)(7 11)(5 12)(4 6)(2 13)(1 3),(9 11)(8 10)(5 12)(4 6)(2 13)(1 3),(9 12)(7 11)(5 10)(4 8)(2 13)(1 3),(7 11)(6 10)(5 12)(4 8)(2 13)(1 3),(9 11)(6 10)(5 12)(4 8)(2 13)(1 3),(9 12)(8 11)(5 7)(4 10)(2 13)(1 3),(8 11)(7 12)(5 9)(4 10)(2 13)(1 3),(8 11)(6 7)(5 12)(4 10)(2 13)(1 3),(7 11)(6 9)(5 12)(4 10)(2 13)(1 3),(8 11)(6 9)(5 12)(4 10)(2 13)(1 3),(8 9)(7 11)(5 12)(4 10)(2 13)(1 3),(8 12)(6 10)(5 7)(4 11)(2 13)(1 3),(10 12)(8 9)(5 7)(4 11)(2 13)(1 3),(9 12)(8 10)(5 7)(4 11)(2 13)(1 3),(7 12)(6 10)(5 9)(4 11)(2 13)(1 3),(8 12)(6 10)(5 9)(4 11)(2 13)(1 3),(8 10)(7 12)(5 9)(4 11)(2 13)(1 3),(8 12)(6 7)(5 10)(4 11)(2 13)(1 3),(8 12)(6 9)(5 10)(4 11)(2 13)(1 3),(9 12)(7 8)(5 10)(4 11)(2 13)(1 3),(8 10)(6 7)(5 12)(4 11)(2 13)(1 3),(8 10)(6 9)(5 12)(4 11)(2 13)(1 3),(7 8)(6 10)(5 12)(4 11)(2 13)(1 3),(8 9)(6 10)(5 12)(4 11)(2 13)(1 3),(10 12)(8 9)(6 7)(4 11)(2 13)(1 3),(10 11)(6 9)(5 7)(4 12)(2 13)(1 3),(8 11)(6 10)(5 7)(4 12)(2 13)(1 3),(9 11)(6 10)(5 7)(4 12)(2 13)(1 3),(10 11)(6 7)(5 9)(4 12)(2 13)(1 3),(8 11)(6 10)(5 9)(4 12)(2 13)(1 3),(8 11)(6 7)(5 10)(4 12)(2 13)(1 3),(7 11)(6 9)(5 10)(4 12)(2 13)(1 3),(8 11)(6 9)(5 10)(4 12)(2 13)(1 3),(8 9)(7 11)(5 10)(4 12)(2 13)(1 3),(9 11)(7 8)(6 10)(4 12)(2 13)(1 3),(10 12)(8 11)(6 9)(5 7)(2 13)(1 3),(10 12)(8 11)(6 7)(5 9)(2 13)(1 3),(8 11)(7 12)(6 10)(5 9)(2 13)(1 3),(8 10)(7 11)(6 9)(5 12)(2 13)(1 3),(9 11)(7 8)(6 10)(5 12)(2 13)(1 3),(8 9)(7 11)(6 10)(5 12)(2 13)(1 3),(8 13)(7 12)(6 9)(3 5)(2 11)(1 4),(10 12)(8 13)(6 9)(3 5)(2 11)(1 4),(8 9)(7 12)(6 13)(3 5)(2 11)(1 4),(10 12)(8 9)(6 13)(3 5)(2 11)(1 4),(8 13)(7 12)(5 9)(3 6)(2 11)(1 4),(10 12)(8 13)(5 9)(3 6)(2 11)(1 4),(10 12)(8 9)(7 13)(3 6)(2 11)(1 4),(10 12)(7 13)(6 9)(3 8)(2 11)(1 4),(8 13)(6 12)(5 7)(3 9)(2 11)(1 4),(10 12)(8 13)(5 7)(3 9)(2 11)(1 4),(8 13)(6 12)(5 10)(3 9)(2 11)(1 4),(10 12)(8 13)(6 7)(3 9)(2 11)(1 4),(10 13)(7 8)(6 12)(3 9)(2 11)(1 4),(8 10)(7 13)(6 12)(3 9)(2 11)(1 4),(8 13)(6 9)(5 7)(3 12)(2 11)(1 4),(8 9)(6 13)(5 7)(3 12)(2 11)(1 4),(8 13)(6 7)(5 9)(3 12)(2 11)(1 4),(8 13)(6 10)(5 9)(3 12)(2 11)(1 4),(7 8)(6 13)(5 9)(3 12)(2 11)(1 4),(8 10)(6 13)(5 9)(3 12)(2 11)(1 4),(10 13)(7 8)(5 9)(3 12)(2 11)(1 4),(9 13)(6 7)(5 10)(3 12)(2 11)(1 4),(8 13)(6 9)(5 10)(3 12)(2 11)(1 4),(8 9)(6 13)(5 10)(3 12)(2 11)(1 4),(9 13)(8 10)(6 7)(3 12)(2 11)(1 4),(10 13)(7 8)(6 9)(3 12)(2 11)(1 4),(8 10)(7 13)(6 9)(3 12)(2 11)(1 4),(8 9)(7 13)(6 10)(3 12)(2 11)(1 4),(8 9)(6 12)(5 7)(3 13)(2 11)(1 4),(10 12)(8 9)(5 7)(3 13)(2 11)(1 4),(9 12)(8 10)(5 7)(3 13)(2 11)(1 4),(7 12)(6 10)(5 9)(3 13)(2 11)(1 4),(7 8)(6 12)(5 9)(3 13)(2 11)(1 4),(8 10)(6 12)(5 9)(3 13)(2 11)(1 4),(8 10)(7 12)(5 9)(3 13)(2 11)(1 4),(8 9)(6 12)(5 10)(3 13)(2 11)(1 4),(9 12)(7 8)(5 10)(3 13)(2 11)(1 4),(10 12)(8 9)(6 7)(3 13)(2 11)(1 4),(10 12)(8 13)(6 9)(5 7)(2 11)(1 4),(9 13)(8 10)(6 12)(5 7)(2 11)(1 4),(10 12)(8 13)(6 7)(5 9)(2 11)(1 4),(8 13)(7 12)(6 10)(5 9)(2 11)(1 4),(10 13)(7 8)(6 12)(5 9)(2 11)(1 4),(9 13)(7 8)(6 12)(5 10)(2 11)(1 4),(10 11)(8 13)(6 9)(3 5)(2 12)(1 4),(10 11)(8 13)(5 9)(3 6)(2 12)(1 4),(8 9)(7 13)(5 11)(3 6)(2 12)(1 4),(7 13)(6 9)(5 11)(3 8)(2 12)(1 4),(10 11)(8 13)(5 7)(3 9)(2 12)(1 4),(8 13)(7 11)(5 10)(3 9)(2 12)(1 4),(8 13)(6 7)(5 11)(3 9)(2 12)(1 4),(7 13)(6 10)(5 11)(3 9)(2 12)(1 4),(8 13)(6 10)(5 11)(3 9)(2 12)(1 4),(10 13)(7 8)(5 11)(3 9)(2 12)(1 4),(8 10)(7 13)(5 11)(3 9)(2 12)(1 4),(10 11)(8 13)(6 7)(3 9)(2 12)(1 4),(8 13)(6 9)(5 7)(3 11)(2 12)(1 4),(8 9)(6 13)(5 7)(3 11)(2 12)(1 4),(8 13)(6 7)(5 9)(3 11)(2 12)(1 4),(8 13)(6 10)(5 9)(3 11)(2 12)(1 4),(7 8)(6 13)(5 9)(3 11)(2 12)(1 4),(8 10)(6 13)(5 9)(3 11)(2 12)(1 4),(10 13)(7 8)(5 9)(3 11)(2 12)(1 4),(9 13)(6 7)(5 10)(3 11)(2 12)(1 4),(8 13)(6 9)(5 10)(3 11)(2 12)(1 4),(8 9)(6 13)(5 10)(3 11)(2 12)(1 4),(9 13)(8 10)(6 7)(3 11)(2 12)(1 4),(10 13)(7 8)(6 9)(3 11)(2 12)(1 4),(8 10)(7 13)(6 9)(3 11)(2 12)(1 4),(8 9)(7 13)(6 10)(3 11)(2 12)(1 4),(10 11)(6 9)(5 7)(3 13)(2 12)(1 4),(9 11)(6 10)(5 7)(3 13)(2 12)(1 4),(8 9)(6 11)(5 7)(3 13)(2 12)(1 4),(10 11)(6 7)(5 9)(3 13)(2 12)(1 4),(7 8)(6 11)(5 9)(3 13)(2 12)(1 4),(8 10)(6 11)(5 9)(3 13)(2 12)(1 4),(7 11)(6 9)(5 10)(3 13)(2 12)(1 4),(8 9)(6 11)(5 10)(3 13)(2 12)(1 4),(8 9)(7 11)(5 10)(3 13)(2 12)(1 4),(8 9)(6 7)(5 11)(3 13)(2 12)(1 4),(7 8)(6 9)(5 11)(3 13)(2 12)(1 4),(8 10)(6 9)(5 11)(3 13)(2 12)(1 4),(8 9)(6 10)(5 11)(3 13)(2 12)(1 4),(9 11)(7 8)(6 10)(3 13)(2 12)(1 4),(10 11)(8 13)(6 9)(5 7)(2 12)(1 4),(9 11)(8 13)(6 10)(5 7)(2 12)(1 4),(10 11)(8 13)(6 7)(5 9)(2 12)(1 4),(8 13)(7 11)(6 9)(5 10)(2 12)(1 4),(9 13)(8 10)(6 7)(5 11)(2 12)(1 4),(10 13)(7 8)(6 9)(5 11)(2 12)(1 4),(8 10)(7 13)(6 9)(5 11)(2 12)(1 4),(8 9)(7 13)(6 10)(5 11)(2 12)(1 4),(10 11)(7 12)(6 9)(3 5)(2 13)(1 4),(10 11)(7 12)(5 9)(3 6)(2 13)(1 4),(8 9)(7 12)(5 11)(3 6)(2 13)(1 4),(10 12)(8 9)(5 11)(3 6)(2 13)(1 4),(7 12)(6 11)(5 9)(3 8)(2 13)(1 4),(10 12)(6 11)(5 9)(3 8)(2 13)(1 4),(7 12)(6 9)(5 11)(3 8)(2 13)(1 4),(10 12)(6 9)(5 11)(3 8)(2 13)(1 4),(10 11)(6 12)(5 7)(3 9)(2 13)(1 4),(7 11)(6 12)(5 10)(3 9)(2 13)(1 4),(7 12)(6 10)(5 11)(3 9)(2 13)(1 4),(7 8)(6 12)(5 11)(3 9)(2 13)(1 4),(8 10)(6 12)(5 11)(3 9)(2 13)(1 4),(8 10)(7 12)(5 11)(3 9)(2 13)(1 4),(8 9)(6 12)(5 7)(3 11)(2 13)(1 4),(10 12)(8 9)(5 7)(3 11)(2 13)(1 4),(9 12)(8 10)(5 7)(3 11)(2 13)(1 4),(7 12)(6 10)(5 9)(3 11)(2 13)(1 4),(7 8)(6 12)(5 9)(3 11)(2 13)(1 4),(8 10)(6 12)(5 9)(3 11)(2 13)(1 4),(8 10)(7 12)(5 9)(3 11)(2 13)(1 4),(8 9)(6 12)(5 10)(3 11)(2 13)(1 4),(9 12)(7 8)(5 10)(3 11)(2 13)(1 4),(10 12)(8 9)(6 7)(3 11)(2 13)(1 4),(10 11)(6 9)(5 7)(3 12)(2 13)(1 4),(9 11)(6 10)(5 7)(3 12)(2 13)(1 4),(8 9)(6 11)(5 7)(3 12)(2 13)(1 4),(10 11)(6 7)(5 9)(3 12)(2 13)(1 4),(7 8)(6 11)(5 9)(3 12)(2 13)(1 4),(8 10)(6 11)(5 9)(3 12)(2 13)(1 4),(7 11)(6 9)(5 10)(3 12)(2 13)(1 4),(8 9)(6 11)(5 10)(3 12)(2 13)(1 4),(8 9)(7 11)(5 10)(3 12)(2 13)(1 4),(8 9)(6 7)(5 11)(3 12)(2 13)(1 4),(7 8)(6 9)(5 11)(3 12)(2 13)(1 4),(8 10)(6 9)(5 11)(3 12)(2 13)(1 4),(8 9)(6 10)(5 11)(3 12)(2 13)(1 4),(9 11)(7 8)(6 10)(3 12)(2 13)(1 4),(9 11)(8 10)(6 12)(5 7)(2 13)(1 4),(9 11)(7 8)(6 12)(5 10)(2 13)(1 4),(8 9)(7 11)(6 12)(5 10)(2 13)(1 4),(10 12)(8 9)(6 7)(5 11)(2 13)(1 4),(8 10)(7 12)(6 9)(5 11)(2 13)(1 4),(8 9)(7 12)(6 10)(5 11)(2 13)(1 4),(9 10)(6 13)(4 12)(3 11)(2 7)(1 5),(9 10)(8 13)(4 12)(3 11)(2 7)(1 5),(9 10)(6 13)(4 11)(3 12)(2 7)(1 5),(9 10)(8 13)(4 11)(3 12)(2 7)(1 5),(9 13)(8 12)(6 7)(3 4)(2 11)(1 5),(10 13)(8 12)(6 7)(3 4)(2 11)(1 5),(10 13)(9 12)(7 8)(3 4)(2 11)(1 5),(9 12)(7 13)(4 8)(3 6)(2 11)(1 5),(9 12)(7 13)(4 10)(3 6)(2 11)(1 5),(8 13)(7 9)(4 12)(3 6)(2 11)(1 5),(8 13)(7 10)(4 12)(3 6)(2 11)(1 5),(9 10)(7 13)(4 12)(3 6)(2 11)(1 5),(9 10)(8 13)(4 12)(3 6)(2 11)(1 5),(8 12)(7 9)(4 13)(3 6)(2 11)(1 5),(8 12)(7 10)(4 13)(3 6)(2 11)(1 5),(9 12)(7 10)(4 13)(3 6)(2 11)(1 5),(9 10)(8 12)(4 13)(3 6)(2 11)(1 5),(10 12)(7 13)(4 6)(3 8)(2 11)(1 5),(9 12)(7 13)(4 10)(3 8)(2 11)(1 5),(9 10)(7 13)(4 12)(3 8)(2 11)(1 5),(10 12)(7 9)(4 13)(3 8)(2 11)(1 5),(9 12)(7 10)(4 13)(3 8)(2 11)(1 5),(8 12)(7 13)(4 6)(3 9)(2 11)(1 5),(10 13)(8 12)(4 6)(3 9)(2 11)(1 5),(7 13)(6 12)(4 8)(3 9)(2 11)(1 5),(8 13)(6 7)(4 12)(3 9)(2 11)(1 5),(10 13)(7 8)(4 12)(3 9)(2 11)(1 5),(8 13)(7 10)(4 12)(3 9)(2 11)(1 5),(8 12)(6 7)(4 13)(3 9)(2 11)(1 5),(7 8)(6 12)(4 13)(3 9)(2 11)(1 5),(7 10)(6 12)(4 13)(3 9)(2 11)(1 5),(8 12)(7 10)(4 13)(3 9)(2 11)(1 5),(10 13)(7 8)(6 12)(3 9)(2 11)(1 5),(9 10)(7 13)(4 6)(3 12)(2 11)(1 5),(7 9)(6 13)(4 8)(3 12)(2 11)(1 5),(7 10)(6 13)(4 8)(3 12)(2 11)(1 5),(9 10)(6 13)(4 8)(3 12)(2 11)(1 5),(9 10)(7 13)(4 8)(3 12)(2 11)(1 5),(9 13)(6 7)(4 10)(3 12)(2 11)(1 5),(7 8)(6 13)(4 10)(3 12)(2 11)(1 5),(7 9)(6 13)(4 10)(3 12)(2 11)(1 5),(9 10)(6 7)(4 13)(3 12)(2 11)(1 5),(9 10)(7 8)(4 13)(3 12)(2 11)(1 5),(9 10)(7 8)(6 13)(3 12)(2 11)(1 5),(8 12)(7 9)(4 6)(3 13)(2 11)(1 5),(8 12)(7 10)(4 6)(3 13)(2 11)(1 5),(9 10)(8 12)(4 6)(3 13)(2 11)(1 5),(7 9)(6 12)(4 8)(3 13)(2 11)(1 5),(7 10)(6 12)(4 8)(3 13)(2 11)(1 5),(9 10)(6 12)(4 8)(3 13)(2 11)(1 5),(9 12)(7 10)(4 8)(3 13)(2 11)(1 5),(7 8)(6 12)(4 10)(3 13)(2 11)(1 5),(7 9)(6 12)(4 10)(3 13)(2 11)(1 5),(9 12)(7 8)(4 10)(3 13)(2 11)(1 5),(9 10)(6 7)(4 12)(3 13)(2 11)(1 5),(9 10)(7 8)(4 12)(3 13)(2 11)(1 5),(9 10)(7 8)(6 12)(3 13)(2 11)(1 5),(10 13)(8 12)(7 9)(4 6)(2 11)(1 5),(9 10)(8 12)(7 13)(4 6)(2 11)(1 5),(9 10)(7 13)(6 12)(4 8)(2 11)(1 5),(9 13)(7 8)(6 12)(4 10)(2 11)(1 5),(9 10)(8 13)(6 7)(4 12)(2 11)(1 5),(9 10)(8 12)(6 7)(4 13)(2 11)(1 5),(9 10)(7 8)(6 12)(4 13)(2 11)(1 5),(10 11)(9 13)(6 7)(3 4)(2 12)(1 5),(9 13)(7 8)(6 11)(3 4)(2 12)(1 5),(10 13)(7 8)(6 11)(3 4)(2 12)(1 5),(10 11)(7 13)(4 8)(3 6)(2 12)(1 5),(8 11)(7 13)(4 10)(3 6)(2 12)(1 5),(8 13)(7 9)(4 11)(3 6)(2 12)(1 5),(8 13)(7 10)(4 11)(3 6)(2 12)(1 5),(9 10)(7 13)(4 11)(3 6)(2 12)(1 5),(9 10)(8 13)(4 11)(3 6)(2 12)(1 5),(8 11)(7 9)(4 13)(3 6)(2 12)(1 5),(10 11)(7 9)(4 13)(3 6)(2 12)(1 5),(8 11)(7 10)(4 13)(3 6)(2 12)(1 5),(9 10)(8 11)(4 13)(3 6)(2 12)(1 5),(9 10)(8 11)(7 13)(3 6)(2 12)(1 5),(9 11)(7 13)(4 6)(3 8)(2 12)(1 5),(7 13)(6 11)(4 10)(3 8)(2 12)(1 5),(9 13)(6 11)(4 10)(3 8)(2 12)(1 5),(9 10)(7 13)(4 11)(3 8)(2 12)(1 5),(7 9)(6 11)(4 13)(3 8)(2 12)(1 5),(7 10)(6 11)(4 13)(3 8)(2 12)(1 5),(9 10)(6 11)(4 13)(3 8)(2 12)(1 5),(9 13)(7 10)(6 11)(3 8)(2 12)(1 5),(9 10)(7 13)(6 11)(3 8)(2 12)(1 5),(10 11)(7 13)(4 6)(3 9)(2 12)(1 5),(10 11)(7 13)(4 8)(3 9)(2 12)(1 5),(8 13)(6 7)(4 11)(3 9)(2 12)(1 5),(10 13)(7 8)(4 11)(3 9)(2 12)(1 5),(8 13)(7 10)(4 11)(3 9)(2 12)(1 5),(8 11)(6 7)(4 13)(3 9)(2 12)(1 5),(10 11)(6 7)(4 13)(3 9)(2 12)(1 5),(8 11)(7 10)(4 13)(3 9)(2 12)(1 5),(10 13)(8 11)(6 7)(3 9)(2 12)(1 5),(9 10)(7 13)(4 6)(3 11)(2 12)(1 5),(7 9)(6 13)(4 8)(3 11)(2 12)(1 5),(7 10)(6 13)(4 8)(3 11)(2 12)(1 5),(9 10)(6 13)(4 8)(3 11)(2 12)(1 5),(9 10)(7 13)(4 8)(3 11)(2 12)(1 5),(9 13)(6 7)(4 10)(3 11)(2 12)(1 5),(7 8)(6 13)(4 10)(3 11)(2 12)(1 5),(7 9)(6 13)(4 10)(3 11)(2 12)(1 5),(9 10)(6 7)(4 13)(3 11)(2 12)(1 5),(9 10)(7 8)(4 13)(3 11)(2 12)(1 5),(9 10)(7 8)(6 13)(3 11)(2 12)(1 5),(10 11)(7 9)(4 6)(3 13)(2 12)(1 5),(9 11)(7 10)(4 6)(3 13)(2 12)(1 5),(7 9)(6 11)(4 8)(3 13)(2 12)(1 5),(7 10)(6 11)(4 8)(3 13)(2 12)(1 5),(9 10)(6 11)(4 8)(3 13)(2 12)(1 5),(10 11)(7 9)(4 8)(3 13)(2 12)(1 5),(8 11)(6 7)(4 10)(3 13)(2 12)(1 5),(7 8)(6 11)(4 10)(3 13)(2 12)(1 5),(7 9)(6 11)(4 10)(3 13)(2 12)(1 5),(8 11)(7 9)(4 10)(3 13)(2 12)(1 5),(9 10)(6 7)(4 11)(3 13)(2 12)(1 5),(9 10)(7 8)(4 11)(3 13)(2 12)(1 5),(9 10)(8 11)(6 7)(3 13)(2 12)(1 5),(9 10)(7 8)(6 11)(3 13)(2 12)(1 5),(9 13)(8 11)(6 7)(4 10)(2 12)(1 5),(9 10)(8 13)(6 7)(4 11)(2 12)(1 5),(9 10)(8 11)(6 7)(4 13)(2 12)(1 5),(10 11)(8 12)(6 7)(3 4)(2 13)(1 5),(9 12)(7 8)(6 11)(3 4)(2 13)(1 5),(10 11)(9 12)(4 8)(3 6)(2 13)(1 5),(9 12)(8 11)(4 10)(3 6)(2 13)(1 5),(8 12)(7 9)(4 11)(3 6)(2 13)(1 5),(8 12)(7 10)(4 11)(3 6)(2 13)(1 5),(9 12)(7 10)(4 11)(3 6)(2 13)(1 5),(9 10)(8 12)(4 11)(3 6)(2 13)(1 5),(8 11)(7 9)(4 12)(3 6)(2 13)(1 5),(10 11)(7 9)(4 12)(3 6)(2 13)(1 5),(8 11)(7 10)(4 12)(3 6)(2 13)(1 5),(9 10)(8 11)(4 12)(3 6)(2 13)(1 5),(9 12)(8 11)(7 10)(3 6)(2 13)(1 5),(10 12)(9 11)(4 6)(3 8)(2 13)(1 5),(9 12)(6 11)(4 10)(3 8)(2 13)(1 5),(10 12)(7 9)(4 11)(3 8)(2 13)(1 5),(9 12)(7 10)(4 11)(3 8)(2 13)(1 5),(7 9)(6 11)(4 12)(3 8)(2 13)(1 5),(7 10)(6 11)(4 12)(3 8)(2 13)(1 5),(9 10)(6 11)(4 12)(3 8)(2 13)(1 5),(9 12)(7 10)(6 11)(3 8)(2 13)(1 5),(10 11)(8 12)(4 6)(3 9)(2 13)(1 5),(10 11)(6 12)(4 8)(3 9)(2 13)(1 5),(8 12)(6 7)(4 11)(3 9)(2 13)(1 5),(7 8)(6 12)(4 11)(3 9)(2 13)(1 5),(7 10)(6 12)(4 11)(3 9)(2 13)(1 5),(8 12)(7 10)(4 11)(3 9)(2 13)(1 5),(8 11)(6 7)(4 12)(3 9)(2 13)(1 5),(10 11)(6 7)(4 12)(3 9)(2 13)(1 5),(8 11)(7 10)(4 12)(3 9)(2 13)(1 5),(10 12)(8 11)(6 7)(3 9)(2 13)(1 5),(8 11)(7 10)(6 12)(3 9)(2 13)(1 5),(8 12)(7 9)(4 6)(3 11)(2 13)(1 5),(8 12)(7 10)(4 6)(3 11)(2 13)(1 5),(9 10)(8 12)(4 6)(3 11)(2 13)(1 5),(7 9)(6 12)(4 8)(3 11)(2 13)(1 5),(7 10)(6 12)(4 8)(3 11)(2 13)(1 5),(9 10)(6 12)(4 8)(3 11)(2 13)(1 5),(9 12)(7 10)(4 8)(3 11)(2 13)(1 5),(7 8)(6 12)(4 10)(3 11)(2 13)(1 5),(7 9)(6 12)(4 10)(3 11)(2 13)(1 5),(9 12)(7 8)(4 10)(3 11)(2 13)(1 5),(9 10)(6 7)(4 12)(3 11)(2 13)(1 5),(9 10)(7 8)(4 12)(3 11)(2 13)(1 5),(9 10)(7 8)(6 12)(3 11)(2 13)(1 5),(10 11)(7 9)(4 6)(3 12)(2 13)(1 5),(9 11)(7 10)(4 6)(3 12)(2 13)(1 5),(7 9)(6 11)(4 8)(3 12)(2 13)(1 5),(7 10)(6 11)(4 8)(3 12)(2 13)(1 5),(9 10)(6 11)(4 8)(3 12)(2 13)(1 5),(10 11)(7 9)(4 8)(3 12)(2 13)(1 5),(8 11)(6 7)(4 10)(3 12)(2 13)(1 5),(7 8)(6 11)(4 10)(3 12)(2 13)(1 5),(7 9)(6 11)(4 10)(3 12)(2 13)(1 5),(8 11)(7 9)(4 10)(3 12)(2 13)(1 5),(9 10)(6 7)(4 11)(3 12)(2 13)(1 5),(9 10)(7 8)(4 11)(3 12)(2 13)(1 5),(9 10)(8 11)(6 7)(3 12)(2 13)(1 5),(9 10)(7 8)(6 11)(3 12)(2 13)(1 5),(10 11)(8 12)(7 9)(4 6)(2 13)(1 5),(10 11)(7 9)(6 12)(4 8)(2 13)(1 5),(9 11)(7 8)(6 12)(4 10)(2 13)(1 5),(8 11)(7 9)(6 12)(4 10)(2 13)(1 5),(9 10)(8 12)(6 7)(4 11)(2 13)(1 5),(9 10)(7 8)(6 12)(4 11)(2 13)(1 5),(9 10)(8 11)(6 7)(4 12)(2 13)(1 5),(9 10)(8 13)(4 12)(3 11)(2 7)(1 6),(9 10)(8 13)(4 11)(3 12)(2 7)(1 6),(9 13)(8 12)(5 7)(3 4)(2 11)(1 6),(10 13)(8 12)(5 7)(3 4)(2 11)(1 6),(9 13)(7 8)(5 12)(3 4)(2 11)(1 6),(10 13)(7 8)(5 12)(3 4)(2 11)(1 6),(9 13)(7 12)(4 8)(3 5)(2 11)(1 6),(9 13)(7 12)(4 10)(3 5)(2 11)(1 6),(8 13)(7 9)(4 12)(3 5)(2 11)(1 6),(8 13)(7 10)(4 12)(3 5)(2 11)(1 6),(9 13)(7 10)(4 12)(3 5)(2 11)(1 6),(9 10)(8 13)(4 12)(3 5)(2 11)(1 6),(8 12)(7 9)(4 13)(3 5)(2 11)(1 6),(8 12)(7 10)(4 13)(3 5)(2 11)(1 6),(9 10)(7 12)(4 13)(3 5)(2 11)(1 6),(9 10)(8 12)(4 13)(3 5)(2 11)(1 6),(10 12)(9 13)(4 5)(3 8)(2 11)(1 6),(7 13)(5 12)(4 10)(3 8)(2 11)(1 6),(9 13)(5 12)(4 10)(3 8)(2 11)(1 6),(9 13)(7 10)(4 12)(3 8)(2 11)(1 6),(9 10)(7 13)(4 12)(3 8)(2 11)(1 6),(7 9)(5 12)(4 13)(3 8)(2 11)(1 6),(7 10)(5 12)(4 13)(3 8)(2 11)(1 6),(9 10)(5 12)(4 13)(3 8)(2 11)(1 6),(10 12)(7 9)(4 13)(3 8)(2 11)(1 6),(9 13)(7 10)(5 12)(3 8)(2 11)(1 6),(9 10)(7 13)(5 12)(3 8)(2 11)(1 6),(10 12)(8 13)(4 5)(3 9)(2 11)(1 6),(7 13)(5 12)(4 8)(3 9)(2 11)(1 6),(8 13)(5 7)(4 12)(3 9)(2 11)(1 6),(10 13)(7 8)(4 12)(3 9)(2 11)(1 6),(8 13)(7 10)(4 12)(3 9)(2 11)(1 6),(8 12)(5 7)(4 13)(3 9)(2 11)(1 6),(7 8)(5 12)(4 13)(3 9)(2 11)(1 6),(7 10)(5 12)(4 13)(3 9)(2 11)(1 6),(8 12)(7 10)(4 13)(3 9)(2 11)(1 6),(10 13)(7 8)(5 12)(3 9)(2 11)(1 6),(8 13)(7 9)(4 5)(3 12)(2 11)(1 6),(8 13)(7 10)(4 5)(3 12)(2 11)(1 6),(9 13)(7 10)(4 5)(3 12)(2 11)(1 6),(9 10)(8 13)(4 5)(3 12)(2 11)(1 6),(9 13)(7 10)(4 8)(3 12)(2 11)(1 6),(9 10)(7 13)(4 8)(3 12)(2 11)(1 6),(9 13)(5 7)(4 10)(3 12)(2 11)(1 6),(9 13)(7 8)(4 10)(3 12)(2 11)(1 6),(9 10)(5 7)(4 13)(3 12)(2 11)(1 6),(9 10)(7 8)(4 13)(3 12)(2 11)(1 6),(7 9)(5 12)(4 8)(3 13)(2 11)(1 6),(7 10)(5 12)(4 8)(3 13)(2 11)(1 6),(9 10)(5 12)(4 8)(3 13)(2 11)(1 6),(7 8)(5 12)(4 10)(3 13)(2 11)(1 6),(7 9)(5 12)(4 10)(3 13)(2 11)(1 6),(9 10)(5 7)(4 12)(3 13)(2 11)(1 6),(9 10)(7 8)(4 12)(3 13)(2 11)(1 6),(9 10)(7 8)(5 12)(3 13)(2 11)(1 6),(10 12)(8 13)(7 9)(4 5)(2 11)(1 6),(9 10)(7 13)(5 12)(4 8)(2 11)(1 6),(9 13)(7 8)(5 12)(4 10)(2 11)(1 6),(9 10)(8 13)(5 7)(4 12)(2 11)(1 6),(9 10)(8 12)(5 7)(4 13)(2 11)(1 6),(9 10)(7 8)(5 12)(4 13)(2 11)(1 6),(10 11)(9 13)(5 7)(3 4)(2 12)(1 6),(10 11)(9 13)(4 8)(3 5)(2 12)(1 6),(9 13)(8 11)(4 10)(3 5)(2 12)(1 6),(8 13)(7 9)(4 11)(3 5)(2 12)(1 6),(8 13)(7 10)(4 11)(3 5)(2 12)(1 6),(9 13)(7 10)(4 11)(3 5)(2 12)(1 6),(9 10)(8 13)(4 11)(3 5)(2 12)(1 6),(8 11)(7 9)(4 13)(3 5)(2 12)(1 6),(10 11)(7 9)(4 13)(3 5)(2 12)(1 6),(8 11)(7 10)(4 13)(3 5)(2 12)(1 6),(9 10)(8 11)(4 13)(3 5)(2 12)(1 6),(9 13)(8 11)(7 10)(3 5)(2 12)(1 6),(9 13)(7 11)(4 5)(3 8)(2 12)(1 6),(9 13)(7 10)(4 11)(3 8)(2 12)(1 6),(9 10)(7 13)(4 11)(3 8)(2 12)(1 6),(8 13)(7 11)(4 5)(3 9)(2 12)(1 6),(10 11)(8 13)(4 5)(3 9)(2 12)(1 6),(10 11)(7 13)(4 8)(3 9)(2 12)(1 6),(8 13)(5 7)(4 11)(3 9)(2 12)(1 6),(10 13)(7 8)(4 11)(3 9)(2 12)(1 6),(8 13)(7 10)(4 11)(3 9)(2 12)(1 6),(8 11)(5 7)(4 13)(3 9)(2 12)(1 6),(10 11)(5 7)(4 13)(3 9)(2 12)(1 6),(8 11)(7 10)(4 13)(3 9)(2 12)(1 6),(10 13)(8 11)(5 7)(3 9)(2 12)(1 6),(8 13)(7 9)(4 5)(3 11)(2 12)(1 6),(8 13)(7 10)(4 5)(3 11)(2 12)(1 6),(9 13)(7 10)(4 5)(3 11)(2 12)(1 6),(9 10)(8 13)(4 5)(3 11)(2 12)(1 6),(9 13)(7 10)(4 8)(3 11)(2 12)(1 6),(9 10)(7 13)(4 8)(3 11)(2 12)(1 6),(9 13)(5 7)(4 10)(3 11)(2 12)(1 6),(9 13)(7 8)(4 10)(3 11)(2 12)(1 6),(9 10)(5 7)(4 13)(3 11)(2 12)(1 6),(9 10)(7 8)(4 13)(3 11)(2 12)(1 6),(10 11)(7 9)(4 5)(3 13)(2 12)(1 6),(9 10)(7 11)(4 5)(3 13)(2 12)(1 6),(10 11)(7 9)(4 8)(3 13)(2 12)(1 6),(8 11)(5 7)(4 10)(3 13)(2 12)(1 6),(8 11)(7 9)(4 10)(3 13)(2 12)(1 6),(9 10)(5 7)(4 11)(3 13)(2 12)(1 6),(9 10)(7 8)(4 11)(3 13)(2 12)(1 6),(9 10)(8 11)(5 7)(3 13)(2 12)(1 6),(10 11)(8 13)(7 9)(4 5)(2 12)(1 6),(9 10)(8 13)(7 11)(4 5)(2 12)(1 6),(9 13)(8 11)(5 7)(4 10)(2 12)(1 6),(9 10)(8 13)(5 7)(4 11)(2 12)(1 6),(9 10)(8 11)(5 7)(4 13)(2 12)(1 6),(10 11)(8 12)(5 7)(3 4)(2 13)(1 6),(10 11)(7 12)(4 8)(3 5)(2 13)(1 6),(8 11)(7 12)(4 10)(3 5)(2 13)(1 6),(8 12)(7 9)(4 11)(3 5)(2 13)(1 6),(8 12)(7 10)(4 11)(3 5)(2 13)(1 6),(9 10)(7 12)(4 11)(3 5)(2 13)(1 6),(9 10)(8 12)(4 11)(3 5)(2 13)(1 6),(8 11)(7 9)(4 12)(3 5)(2 13)(1 6),(10 11)(7 9)(4 12)(3 5)(2 13)(1 6),(8 11)(7 10)(4 12)(3 5)(2 13)(1 6),(9 10)(8 11)(4 12)(3 5)(2 13)(1 6),(9 10)(8 11)(7 12)(3 5)(2 13)(1 6),(10 12)(7 11)(4 5)(3 8)(2 13)(1 6),(7 11)(5 12)(4 10)(3 8)(2 13)(1 6),(7 9)(5 12)(4 11)(3 8)(2 13)(1 6),(7 10)(5 12)(4 11)(3 8)(2 13)(1 6),(9 10)(5 12)(4 11)(3 8)(2 13)(1 6),(10 12)(7 9)(4 11)(3 8)(2 13)(1 6),(9 10)(7 11)(5 12)(3 8)(2 13)(1 6),(7 11)(5 12)(4 8)(3 9)(2 13)(1 6),(10 11)(5 12)(4 8)(3 9)(2 13)(1 6),(8 12)(5 7)(4 11)(3 9)(2 13)(1 6),(7 8)(5 12)(4 11)(3 9)(2 13)(1 6),(7 10)(5 12)(4 11)(3 9)(2 13)(1 6),(8 12)(7 10)(4 11)(3 9)(2 13)(1 6),(8 11)(5 7)(4 12)(3 9)(2 13)(1 6),(10 11)(5 7)(4 12)(3 9)(2 13)(1 6),(8 11)(7 10)(4 12)(3 9)(2 13)(1 6),(10 12)(8 11)(5 7)(3 9)(2 13)(1 6),(8 11)(7 10)(5 12)(3 9)(2 13)(1 6),(7 9)(5 12)(4 8)(3 11)(2 13)(1 6),(7 10)(5 12)(4 8)(3 11)(2 13)(1 6),(9 10)(5 12)(4 8)(3 11)(2 13)(1 6),(7 8)(5 12)(4 10)(3 11)(2 13)(1 6),(7 9)(5 12)(4 10)(3 11)(2 13)(1 6),(9 10)(5 7)(4 12)(3 11)(2 13)(1 6),(9 10)(7 8)(4 12)(3 11)(2 13)(1 6),(9 10)(7 8)(5 12)(3 11)(2 13)(1 6),(10 11)(7 9)(4 5)(3 12)(2 13)(1 6),(9 10)(7 11)(4 5)(3 12)(2 13)(1 6),(10 11)(7 9)(4 8)(3 12)(2 13)(1 6),(8 11)(5 7)(4 10)(3 12)(2 13)(1 6),(8 11)(7 9)(4 10)(3 12)(2 13)(1 6),(9 10)(5 7)(4 11)(3 12)(2 13)(1 6),(9 10)(7 8)(4 11)(3 12)(2 13)(1 6),(9 10)(8 11)(5 7)(3 12)(2 13)(1 6),(10 11)(7 9)(5 12)(4 8)(2 13)(1 6),(9 10)(7 11)(5 12)(4 8)(2 13)(1 6),(8 11)(7 9)(5 12)(4 10)(2 13)(1 6),(9 10)(8 12)(5 7)(4 11)(2 13)(1 6),(9 10)(7 8)(5 12)(4 11)(2 13)(1 6),(9 10)(8 11)(5 7)(4 12)(2 13)(1 6),(6 12)(5 10)(4 13)(3 11)(2 9)(1 7),(8 12)(5 10)(4 13)(3 11)(2 9)(1 7),(8 12)(6 10)(4 13)(3 11)(2 9)(1 7),(8 10)(6 12)(4 13)(3 11)(2 9)(1 7),(6 12)(5 10)(4 11)(3 13)(2 9)(1 7),(8 12)(5 10)(4 11)(3 13)(2 9)(1 7),(8 12)(6 10)(4 11)(3 13)(2 9)(1 7),(8 10)(6 12)(4 11)(3 13)(2 9)(1 7),(6 11)(5 9)(4 13)(3 12)(2 10)(1 7),(8 11)(5 9)(4 13)(3 12)(2 10)(1 7),(8 11)(6 9)(4 13)(3 12)(2 10)(1 7),(8 9)(6 11)(4 13)(3 12)(2 10)(1 7),(6 11)(5 9)(4 12)(3 13)(2 10)(1 7),(8 11)(5 9)(4 12)(3 13)(2 10)(1 7),(8 11)(6 9)(4 12)(3 13)(2 10)(1 7),(8 9)(6 11)(4 12)(3 13)(2 10)(1 7),(10 13)(8 12)(5 9)(3 4)(2 11)(1 7),(8 12)(6 9)(5 13)(3 4)(2 11)(1 7),(8 12)(6 10)(5 13)(3 4)(2 11)(1 7),(10 12)(8 9)(5 13)(3 4)(2 11)(1 7),(9 12)(8 10)(5 13)(3 4)(2 11)(1 7),(10 13)(8 12)(6 9)(3 4)(2 11)(1 7),(10 13)(8 12)(4 6)(3 5)(2 11)(1 7),(9 12)(6 13)(4 8)(3 5)(2 11)(1 7),(8 13)(6 9)(4 12)(3 5)(2 11)(1 7),(8 9)(6 13)(4 12)(3 5)(2 11)(1 7),(9 10)(6 13)(4 12)(3 5)(2 11)(1 7),(9 10)(8 13)(4 12)(3 5)(2 11)(1 7),(8 12)(6 9)(4 13)(3 5)(2 11)(1 7),(10 12)(8 9)(4 13)(3 5)(2 11)(1 7),(9 10)(8 12)(4 13)(3 5)(2 11)(1 7),(10 12)(8 9)(6 13)(3 5)(2 11)(1 7),(9 12)(8 13)(4 5)(3 6)(2 11)(1 7),(10 12)(8 13)(4 5)(3 6)(2 11)(1 7),(9 12)(5 13)(4 8)(3 6)(2 11)(1 7),(8 13)(5 9)(4 12)(3 6)(2 11)(1 7),(8 9)(5 13)(4 12)(3 6)(2 11)(1 7),(9 10)(5 13)(4 12)(3 6)(2 11)(1 7),(9 10)(8 13)(4 12)(3 6)(2 11)(1 7),(8 12)(5 9)(4 13)(3 6)(2 11)(1 7),(10 12)(8 9)(4 13)(3 6)(2 11)(1 7),(9 10)(8 12)(4 13)(3 6)(2 11)(1 7),(10 12)(8 9)(5 13)(3 6)(2 11)(1 7),(10 12)(5 13)(4 6)(3 8)(2 11)(1 7),(6 9)(5 13)(4 12)(3 8)(2 11)(1 7),(9 10)(5 13)(4 12)(3 8)(2 11)(1 7),(10 12)(5 9)(4 13)(3 8)(2 11)(1 7),(10 12)(6 9)(4 13)(3 8)(2 11)(1 7),(10 12)(6 9)(5 13)(3 8)(2 11)(1 7),(8 13)(6 10)(4 5)(3 12)(2 11)(1 7),(8 10)(6 13)(4 5)(3 12)(2 11)(1 7),(9 10)(6 13)(4 5)(3 12)(2 11)(1 7),(9 10)(8 13)(4 5)(3 12)(2 11)(1 7),(8 10)(5 13)(4 6)(3 12)(2 11)(1 7),(9 10)(5 13)(4 6)(3 12)(2 11)(1 7),(6 13)(5 10)(4 8)(3 12)(2 11)(1 7),(6 10)(5 13)(4 8)(3 12)(2 11)(1 7),(9 10)(5 13)(4 8)(3 12)(2 11)(1 7),(9 10)(6 13)(4 8)(3 12)(2 11)(1 7),(6 10)(5 9)(4 13)(3 12)(2 11)(1 7),(8 10)(5 9)(4 13)(3 12)(2 11)(1 7),(6 9)(5 10)(4 13)(3 12)(2 11)(1 7),(8 9)(5 10)(4 13)(3 12)(2 11)(1 7),(8 10)(6 9)(4 13)(3 12)(2 11)(1 7),(8 9)(6 10)(4 13)(3 12)(2 11)(1 7),(8 10)(6 13)(5 9)(3 12)(2 11)(1 7),(8 9)(6 13)(5 10)(3 12)(2 11)(1 7),(8 10)(6 9)(5 13)(3 12)(2 11)(1 7),(8 9)(6 10)(5 13)(3 12)(2 11)(1 7),(8 10)(6 12)(4 5)(3 13)(2 11)(1 7),(9 10)(6 12)(4 5)(3 13)(2 11)(1 7),(9 12)(8 10)(4 5)(3 13)(2 11)(1 7),(8 12)(5 10)(4 6)(3 13)(2 11)(1 7),(9 10)(8 12)(4 6)(3 13)(2 11)(1 7),(6 12)(5 10)(4 8)(3 13)(2 11)(1 7),(9 12)(5 10)(4 8)(3 13)(2 11)(1 7),(9 10)(6 12)(4 8)(3 13)(2 11)(1 7),(6 10)(5 9)(4 12)(3 13)(2 11)(1 7),(8 10)(5 9)(4 12)(3 13)(2 11)(1 7),(6 9)(5 10)(4 12)(3 13)(2 11)(1 7),(8 9)(5 10)(4 12)(3 13)(2 11)(1 7),(8 10)(6 9)(4 12)(3 13)(2 11)(1 7),(8 9)(6 10)(4 12)(3 13)(2 11)(1 7),(8 10)(6 12)(5 9)(3 13)(2 11)(1 7),(8 9)(6 12)(5 10)(3 13)(2 11)(1 7),(9 13)(8 10)(6 12)(4 5)(2 11)(1 7),(9 10)(8 13)(6 12)(4 5)(2 11)(1 7),(9 10)(8 12)(5 13)(4 6)(2 11)(1 7),(9 13)(6 12)(5 10)(4 8)(2 11)(1 7),(9 10)(6 12)(5 13)(4 8)(2 11)(1 7),(8 13)(6 10)(5 9)(4 12)(2 11)(1 7),(8 13)(6 9)(5 10)(4 12)(2 11)(1 7),(8 10)(6 9)(5 13)(4 12)(2 11)(1 7),(8 9)(6 10)(5 13)(4 12)(2 11)(1 7),(8 12)(6 10)(5 9)(4 13)(2 11)(1 7),(8 10)(6 12)(5 9)(4 13)(2 11)(1 7),(8 12)(6 9)(5 10)(4 13)(2 11)(1 7),(8 9)(6 12)(5 10)(4 13)(2 11)(1 7),(9 13)(6 11)(5 10)(3 4)(2 12)(1 7),(10 11)(6 9)(5 13)(3 4)(2 12)(1 7),(9 11)(6 10)(5 13)(3 4)(2 12)(1 7),(8 9)(6 11)(5 13)(3 4)(2 12)(1 7),(8 10)(6 11)(5 13)(3 4)(2 12)(1 7),(9 13)(8 10)(6 11)(3 4)(2 12)(1 7),(9 11)(6 13)(4 8)(3 5)(2 12)(1 7),(10 11)(6 13)(4 8)(3 5)(2 12)(1 7),(8 13)(6 9)(4 11)(3 5)(2 12)(1 7),(8 9)(6 13)(4 11)(3 5)(2 12)(1 7),(9 10)(6 13)(4 11)(3 5)(2 12)(1 7),(9 10)(8 13)(4 11)(3 5)(2 12)(1 7),(8 11)(6 9)(4 13)(3 5)(2 12)(1 7),(10 11)(6 9)(4 13)(3 5)(2 12)(1 7),(9 10)(8 11)(4 13)(3 5)(2 12)(1 7),(10 13)(8 11)(6 9)(3 5)(2 12)(1 7),(9 10)(8 11)(6 13)(3 5)(2 12)(1 7),(10 11)(8 13)(4 5)(3 6)(2 12)(1 7),(10 11)(5 13)(4 8)(3 6)(2 12)(1 7),(8 13)(5 9)(4 11)(3 6)(2 12)(1 7),(8 9)(5 13)(4 11)(3 6)(2 12)(1 7),(9 10)(5 13)(4 11)(3 6)(2 12)(1 7),(9 10)(8 13)(4 11)(3 6)(2 12)(1 7),(8 11)(5 9)(4 13)(3 6)(2 12)(1 7),(10 11)(5 9)(4 13)(3 6)(2 12)(1 7),(9 10)(8 11)(4 13)(3 6)(2 12)(1 7),(10 13)(8 11)(5 9)(3 6)(2 12)(1 7),(9 10)(8 11)(5 13)(3 6)(2 12)(1 7),(9 13)(6 11)(4 5)(3 8)(2 12)(1 7),(9 11)(5 13)(4 6)(3 8)(2 12)(1 7),(6 9)(5 13)(4 11)(3 8)(2 12)(1 7),(9 10)(5 13)(4 11)(3 8)(2 12)(1 7),(6 11)(5 9)(4 13)(3 8)(2 12)(1 7),(9 10)(6 11)(4 13)(3 8)(2 12)(1 7),(9 10)(6 11)(5 13)(3 8)(2 12)(1 7),(8 13)(6 10)(4 5)(3 11)(2 12)(1 7),(8 10)(6 13)(4 5)(3 11)(2 12)(1 7),(9 10)(6 13)(4 5)(3 11)(2 12)(1 7),(9 10)(8 13)(4 5)(3 11)(2 12)(1 7),(8 10)(5 13)(4 6)(3 11)(2 12)(1 7),(9 10)(5 13)(4 6)(3 11)(2 12)(1 7),(6 13)(5 10)(4 8)(3 11)(2 12)(1 7),(6 10)(5 13)(4 8)(3 11)(2 12)(1 7),(9 10)(5 13)(4 8)(3 11)(2 12)(1 7),(9 10)(6 13)(4 8)(3 11)(2 12)(1 7),(6 10)(5 9)(4 13)(3 11)(2 12)(1 7),(8 10)(5 9)(4 13)(3 11)(2 12)(1 7),(6 9)(5 10)(4 13)(3 11)(2 12)(1 7),(8 9)(5 10)(4 13)(3 11)(2 12)(1 7),(8 10)(6 9)(4 13)(3 11)(2 12)(1 7),(8 9)(6 10)(4 13)(3 11)(2 12)(1 7),(8 10)(6 13)(5 9)(3 11)(2 12)(1 7),(8 9)(6 13)(5 10)(3 11)(2 12)(1 7),(8 10)(6 9)(5 13)(3 11)(2 12)(1 7),(8 9)(6 10)(5 13)(3 11)(2 12)(1 7),(9 11)(6 10)(4 5)(3 13)(2 12)(1 7),(8 10)(6 11)(4 5)(3 13)(2 12)(1 7),(9 10)(6 11)(4 5)(3 13)(2 12)(1 7),(9 11)(5 10)(4 6)(3 13)(2 12)(1 7),(9 11)(8 10)(4 6)(3 13)(2 12)(1 7),(6 11)(5 10)(4 8)(3 13)(2 12)(1 7),(9 11)(6 10)(4 8)(3 13)(2 12)(1 7),(9 10)(6 11)(4 8)(3 13)(2 12)(1 7),(6 10)(5 9)(4 11)(3 13)(2 12)(1 7),(8 10)(5 9)(4 11)(3 13)(2 12)(1 7),(6 9)(5 10)(4 11)(3 13)(2 12)(1 7),(8 9)(5 10)(4 11)(3 13)(2 12)(1 7),(8 10)(6 9)(4 11)(3 13)(2 12)(1 7),(8 9)(6 10)(4 11)(3 13)(2 12)(1 7),(8 11)(6 10)(5 9)(3 13)(2 12)(1 7),(8 10)(6 11)(5 9)(3 13)(2 12)(1 7),(8 11)(6 9)(5 10)(3 13)(2 12)(1 7),(8 9)(6 11)(5 10)(3 13)(2 12)(1 7),(9 11)(8 13)(6 10)(4 5)(2 12)(1 7),(9 11)(8 10)(5 13)(4 6)(2 12)(1 7),(9 11)(6 10)(5 13)(4 8)(2 12)(1 7),(8 13)(6 10)(5 9)(4 11)(2 12)(1 7),(8 13)(6 9)(5 10)(4 11)(2 12)(1 7),(8 10)(6 9)(5 13)(4 11)(2 12)(1 7),(8 9)(6 10)(5 13)(4 11)(2 12)(1 7),(8 11)(6 10)(5 9)(4 13)(2 12)(1 7),(8 11)(6 9)(5 10)(4 13)(2 12)(1 7),(8 12)(6 11)(5 9)(3 4)(2 13)(1 7),(10 11)(8 12)(5 9)(3 4)(2 13)(1 7),(8 12)(6 11)(5 10)(3 4)(2 13)(1 7),(9 12)(6 11)(5 10)(3 4)(2 13)(1 7),(10 11)(8 12)(6 9)(3 4)(2 13)(1 7),(9 11)(8 12)(6 10)(3 4)(2 13)(1 7),(10 12)(8 9)(6 11)(3 4)(2 13)(1 7),(9 12)(8 10)(6 11)(3 4)(2 13)(1 7),(9 11)(8 12)(4 6)(3 5)(2 13)(1 7),(10 11)(8 12)(4 6)(3 5)(2 13)(1 7),(10 11)(9 12)(4 8)(3 5)(2 13)(1 7),(8 12)(6 9)(4 11)(3 5)(2 13)(1 7),(10 12)(8 9)(4 11)(3 5)(2 13)(1 7),(9 10)(8 12)(4 11)(3 5)(2 13)(1 7),(8 11)(6 9)(4 12)(3 5)(2 13)(1 7),(10 11)(6 9)(4 12)(3 5)(2 13)(1 7),(9 10)(8 11)(4 12)(3 5)(2 13)(1 7),(10 12)(8 11)(6 9)(3 5)(2 13)(1 7),(10 11)(9 12)(4 5)(3 6)(2 13)(1 7),(10 11)(9 12)(4 8)(3 6)(2 13)(1 7),(8 12)(5 9)(4 11)(3 6)(2 13)(1 7),(10 12)(8 9)(4 11)(3 6)(2 13)(1 7),(9 10)(8 12)(4 11)(3 6)(2 13)(1 7),(8 11)(5 9)(4 12)(3 6)(2 13)(1 7),(10 11)(5 9)(4 12)(3 6)(2 13)(1 7),(9 10)(8 11)(4 12)(3 6)(2 13)(1 7),(10 12)(8 11)(5 9)(3 6)(2 13)(1 7),(9 12)(6 11)(4 5)(3 8)(2 13)(1 7),(10 12)(6 11)(4 5)(3 8)(2 13)(1 7),(10 12)(9 11)(4 6)(3 8)(2 13)(1 7),(10 12)(5 9)(4 11)(3 8)(2 13)(1 7),(10 12)(6 9)(4 11)(3 8)(2 13)(1 7),(6 11)(5 9)(4 12)(3 8)(2 13)(1 7),(9 10)(6 11)(4 12)(3 8)(2 13)(1 7),(10 12)(6 11)(5 9)(3 8)(2 13)(1 7),(8 10)(6 12)(4 5)(3 11)(2 13)(1 7),(9 10)(6 12)(4 5)(3 11)(2 13)(1 7),(9 12)(8 10)(4 5)(3 11)(2 13)(1 7),(8 12)(5 10)(4 6)(3 11)(2 13)(1 7),(9 10)(8 12)(4 6)(3 11)(2 13)(1 7),(6 12)(5 10)(4 8)(3 11)(2 13)(1 7),(9 12)(5 10)(4 8)(3 11)(2 13)(1 7),(9 10)(6 12)(4 8)(3 11)(2 13)(1 7),(6 10)(5 9)(4 12)(3 11)(2 13)(1 7),(8 10)(5 9)(4 12)(3 11)(2 13)(1 7),(6 9)(5 10)(4 12)(3 11)(2 13)(1 7),(8 9)(5 10)(4 12)(3 11)(2 13)(1 7),(8 10)(6 9)(4 12)(3 11)(2 13)(1 7),(8 9)(6 10)(4 12)(3 11)(2 13)(1 7),(8 10)(6 12)(5 9)(3 11)(2 13)(1 7),(8 9)(6 12)(5 10)(3 11)(2 13)(1 7),(9 11)(6 10)(4 5)(3 12)(2 13)(1 7),(8 10)(6 11)(4 5)(3 12)(2 13)(1 7),(9 10)(6 11)(4 5)(3 12)(2 13)(1 7),(9 11)(5 10)(4 6)(3 12)(2 13)(1 7),(9 11)(8 10)(4 6)(3 12)(2 13)(1 7),(6 11)(5 10)(4 8)(3 12)(2 13)(1 7),(9 11)(6 10)(4 8)(3 12)(2 13)(1 7),(9 10)(6 11)(4 8)(3 12)(2 13)(1 7),(6 10)(5 9)(4 11)(3 12)(2 13)(1 7),(8 10)(5 9)(4 11)(3 12)(2 13)(1 7),(6 9)(5 10)(4 11)(3 12)(2 13)(1 7),(8 9)(5 10)(4 11)(3 12)(2 13)(1 7),(8 10)(6 9)(4 11)(3 12)(2 13)(1 7),(8 9)(6 10)(4 11)(3 12)(2 13)(1 7),(8 11)(6 10)(5 9)(3 12)(2 13)(1 7),(8 10)(6 11)(5 9)(3 12)(2 13)(1 7),(8 11)(6 9)(5 10)(3 12)(2 13)(1 7),(8 9)(6 11)(5 10)(3 12)(2 13)(1 7),(9 11)(8 10)(6 12)(4 5)(2 13)(1 7),(9 11)(8 12)(5 10)(4 6)(2 13)(1 7),(9 11)(6 12)(5 10)(4 8)(2 13)(1 7),(8 12)(6 10)(5 9)(4 11)(2 13)(1 7),(8 10)(6 12)(5 9)(4 11)(2 13)(1 7),(8 12)(6 9)(5 10)(4 11)(2 13)(1 7),(8 9)(6 12)(5 10)(4 11)(2 13)(1 7),(8 11)(6 10)(5 9)(4 12)(2 13)(1 7),(8 11)(6 9)(5 10)(4 12)(2 13)(1 7),(9 10)(6 13)(4 12)(3 11)(2 7)(1 8),(9 10)(6 13)(4 11)(3 12)(2 7)(1 8),(10 13)(9 12)(5 7)(3 4)(2 11)(1 8),(10 13)(7 12)(4 6)(3 5)(2 11)(1 8),(7 12)(6 13)(4 10)(3 5)(2 11)(1 8),(9 12)(6 13)(4 10)(3 5)(2 11)(1 8),(7 9)(6 13)(4 12)(3 5)(2 11)(1 8),(7 10)(6 13)(4 12)(3 5)(2 11)(1 8),(9 10)(6 13)(4 12)(3 5)(2 11)(1 8),(10 13)(7 9)(4 12)(3 5)(2 11)(1 8),(9 12)(7 10)(4 13)(3 5)(2 11)(1 8),(9 10)(7 12)(4 13)(3 5)(2 11)(1 8),(9 12)(7 10)(6 13)(3 5)(2 11)(1 8),(9 10)(7 12)(6 13)(3 5)(2 11)(1 8),(10 13)(9 12)(4 5)(3 6)(2 11)(1 8),(9 12)(7 13)(4 10)(3 6)(2 11)(1 8),(10 13)(7 9)(4 12)(3 6)(2 11)(1 8),(9 10)(7 13)(4 12)(3 6)(2 11)(1 8),(9 12)(7 10)(4 13)(3 6)(2 11)(1 8),(10 13)(6 12)(4 5)(3 9)(2 11)(1 8),(10 13)(5 7)(4 12)(3 9)(2 11)(1 8),(10 13)(6 7)(4 12)(3 9)(2 11)(1 8),(6 12)(5 7)(4 13)(3 9)(2 11)(1 8),(7 10)(6 12)(4 13)(3 9)(2 11)(1 8),(10 13)(6 12)(5 7)(3 9)(2 11)(1 8),(7 9)(6 13)(4 5)(3 12)(2 11)(1 8),(7 10)(6 13)(4 5)(3 12)(2 11)(1 8),(9 10)(6 13)(4 5)(3 12)(2 11)(1 8),(10 13)(7 9)(4 5)(3 12)(2 11)(1 8),(10 13)(7 9)(4 6)(3 12)(2 11)(1 8),(9 10)(7 13)(4 6)(3 12)(2 11)(1 8),(6 13)(5 7)(4 10)(3 12)(2 11)(1 8),(9 13)(6 7)(4 10)(3 12)(2 11)(1 8),(7 9)(6 13)(4 10)(3 12)(2 11)(1 8),(9 10)(5 7)(4 13)(3 12)(2 11)(1 8),(9 10)(6 7)(4 13)(3 12)(2 11)(1 8),(9 10)(6 13)(5 7)(3 12)(2 11)(1 8),(7 9)(6 12)(4 5)(3 13)(2 11)(1 8),(7 10)(6 12)(4 5)(3 13)(2 11)(1 8),(9 10)(6 12)(4 5)(3 13)(2 11)(1 8),(9 12)(7 10)(4 5)(3 13)(2 11)(1 8),(6 12)(5 7)(4 10)(3 13)(2 11)(1 8),(9 12)(5 7)(4 10)(3 13)(2 11)(1 8),(7 9)(6 12)(4 10)(3 13)(2 11)(1 8),(9 10)(5 7)(4 12)(3 13)(2 11)(1 8),(9 10)(6 7)(4 12)(3 13)(2 11)(1 8),(9 10)(6 12)(5 7)(3 13)(2 11)(1 8),(10 13)(7 9)(6 12)(4 5)(2 11)(1 8),(9 13)(6 12)(5 7)(4 10)(2 11)(1 8),(9 10)(6 12)(5 7)(4 13)(2 11)(1 8),(9 13)(6 11)(5 7)(3 4)(2 12)(1 8),(10 13)(6 11)(5 7)(3 4)(2 12)(1 8),(9 13)(6 7)(5 11)(3 4)(2 12)(1 8),(10 13)(6 7)(5 11)(3 4)(2 12)(1 8),(10 13)(9 11)(4 6)(3 5)(2 12)(1 8),(9 11)(6 13)(4 10)(3 5)(2 12)(1 8),(7 9)(6 13)(4 11)(3 5)(2 12)(1 8),(7 10)(6 13)(4 11)(3 5)(2 12)(1 8),(9 10)(6 13)(4 11)(3 5)(2 12)(1 8),(10 13)(7 9)(4 11)(3 5)(2 12)(1 8),(9 11)(7 10)(6 13)(3 5)(2 12)(1 8),(10 13)(7 11)(4 5)(3 6)(2 12)(1 8),(7 13)(5 11)(4 10)(3 6)(2 12)(1 8),(10 13)(7 9)(4 11)(3 6)(2 12)(1 8),(9 10)(7 13)(4 11)(3 6)(2 12)(1 8),(7 9)(5 11)(4 13)(3 6)(2 12)(1 8),(7 10)(5 11)(4 13)(3 6)(2 12)(1 8),(9 10)(5 11)(4 13)(3 6)(2 12)(1 8),(9 10)(7 13)(5 11)(3 6)(2 12)(1 8),(10 13)(7 11)(4 5)(3 9)(2 12)(1 8),(7 13)(5 11)(4 6)(3 9)(2 12)(1 8),(10 13)(5 11)(4 6)(3 9)(2 12)(1 8),(10 13)(5 7)(4 11)(3 9)(2 12)(1 8),(10 13)(6 7)(4 11)(3 9)(2 12)(1 8),(6 7)(5 11)(4 13)(3 9)(2 12)(1 8),(7 10)(5 11)(4 13)(3 9)(2 12)(1 8),(10 13)(6 7)(5 11)(3 9)(2 12)(1 8),(7 9)(6 13)(4 5)(3 11)(2 12)(1 8),(7 10)(6 13)(4 5)(3 11)(2 12)(1 8),(9 10)(6 13)(4 5)(3 11)(2 12)(1 8),(10 13)(7 9)(4 5)(3 11)(2 12)(1 8),(10 13)(7 9)(4 6)(3 11)(2 12)(1 8),(9 10)(7 13)(4 6)(3 11)(2 12)(1 8),(6 13)(5 7)(4 10)(3 11)(2 12)(1 8),(9 13)(6 7)(4 10)(3 11)(2 12)(1 8),(7 9)(6 13)(4 10)(3 11)(2 12)(1 8),(9 10)(5 7)(4 13)(3 11)(2 12)(1 8),(9 10)(6 7)(4 13)(3 11)(2 12)(1 8),(9 10)(6 13)(5 7)(3 11)(2 12)(1 8),(7 9)(6 11)(4 5)(3 13)(2 12)(1 8),(7 10)(6 11)(4 5)(3 13)(2 12)(1 8),(9 10)(6 11)(4 5)(3 13)(2 12)(1 8),(9 10)(7 11)(4 5)(3 13)(2 12)(1 8),(7 9)(5 11)(4 6)(3 13)(2 12)(1 8),(7 10)(5 11)(4 6)(3 13)(2 12)(1 8),(9 10)(5 11)(4 6)(3 13)(2 12)(1 8),(9 11)(7 10)(4 6)(3 13)(2 12)(1 8),(6 11)(5 7)(4 10)(3 13)(2 12)(1 8),(6 7)(5 11)(4 10)(3 13)(2 12)(1 8),(7 9)(5 11)(4 10)(3 13)(2 12)(1 8),(7 9)(6 11)(4 10)(3 13)(2 12)(1 8),(9 10)(5 7)(4 11)(3 13)(2 12)(1 8),(9 10)(6 7)(4 11)(3 13)(2 12)(1 8),(9 10)(6 11)(5 7)(3 13)(2 12)(1 8),(9 10)(6 7)(5 11)(3 13)(2 12)(1 8),(10 13)(7 9)(5 11)(4 6)(2 12)(1 8),(9 10)(7 13)(5 11)(4 6)(2 12)(1 8),(9 13)(6 7)(5 11)(4 10)(2 12)(1 8),(9 10)(6 7)(5 11)(4 13)(2 12)(1 8),(9 12)(6 11)(5 7)(3 4)(2 13)(1 8),(9 11)(7 12)(4 6)(3 5)(2 13)(1 8),(9 12)(7 10)(4 11)(3 5)(2 13)(1 8),(9 10)(7 12)(4 11)(3 5)(2 13)(1 8),(9 12)(7 11)(4 5)(3 6)(2 13)(1 8),(7 12)(5 11)(4 10)(3 6)(2 13)(1 8),(9 12)(5 11)(4 10)(3 6)(2 13)(1 8),(9 12)(7 10)(4 11)(3 6)(2 13)(1 8),(7 9)(5 11)(4 12)(3 6)(2 13)(1 8),(7 10)(5 11)(4 12)(3 6)(2 13)(1 8),(9 10)(5 11)(4 12)(3 6)(2 13)(1 8),(9 12)(7 10)(5 11)(3 6)(2 13)(1 8),(9 10)(7 12)(5 11)(3 6)(2 13)(1 8),(7 11)(6 12)(4 5)(3 9)(2 13)(1 8),(7 12)(5 11)(4 6)(3 9)(2 13)(1 8),(6 12)(5 7)(4 11)(3 9)(2 13)(1 8),(7 10)(6 12)(4 11)(3 9)(2 13)(1 8),(6 7)(5 11)(4 12)(3 9)(2 13)(1 8),(7 10)(5 11)(4 12)(3 9)(2 13)(1 8),(7 10)(6 12)(5 11)(3 9)(2 13)(1 8),(7 9)(6 12)(4 5)(3 11)(2 13)(1 8),(7 10)(6 12)(4 5)(3 11)(2 13)(1 8),(9 10)(6 12)(4 5)(3 11)(2 13)(1 8),(9 12)(7 10)(4 5)(3 11)(2 13)(1 8),(6 12)(5 7)(4 10)(3 11)(2 13)(1 8),(9 12)(5 7)(4 10)(3 11)(2 13)(1 8),(7 9)(6 12)(4 10)(3 11)(2 13)(1 8),(9 10)(5 7)(4 12)(3 11)(2 13)(1 8),(9 10)(6 7)(4 12)(3 11)(2 13)(1 8),(9 10)(6 12)(5 7)(3 11)(2 13)(1 8),(7 9)(6 11)(4 5)(3 12)(2 13)(1 8),(7 10)(6 11)(4 5)(3 12)(2 13)(1 8),(9 10)(6 11)(4 5)(3 12)(2 13)(1 8),(9 10)(7 11)(4 5)(3 12)(2 13)(1 8),(7 9)(5 11)(4 6)(3 12)(2 13)(1 8),(7 10)(5 11)(4 6)(3 12)(2 13)(1 8),(9 10)(5 11)(4 6)(3 12)(2 13)(1 8),(9 11)(7 10)(4 6)(3 12)(2 13)(1 8),(6 11)(5 7)(4 10)(3 12)(2 13)(1 8),(6 7)(5 11)(4 10)(3 12)(2 13)(1 8),(7 9)(5 11)(4 10)(3 12)(2 13)(1 8),(7 9)(6 11)(4 10)(3 12)(2 13)(1 8),(9 10)(5 7)(4 11)(3 12)(2 13)(1 8),(9 10)(6 7)(4 11)(3 12)(2 13)(1 8),(9 10)(6 11)(5 7)(3 12)(2 13)(1 8),(9 10)(6 7)(5 11)(3 12)(2 13)(1 8),(9 10)(7 11)(6 12)(4 5)(2 13)(1 8),(9 10)(7 12)(5 11)(4 6)(2 13)(1 8),(9 11)(6 12)(5 7)(4 10)(2 13)(1 8),(7 9)(6 12)(5 11)(4 10)(2 13)(1 8),(9 10)(6 12)(5 7)(4 11)(2 13)(1 8),(9 10)(6 7)(5 11)(4 12)(2 13)(1 8),(8 13)(5 10)(4 12)(3 9)(2 7)(1 11),(6 10)(5 13)(4 12)(3 9)(2 7)(1 11),(8 10)(5 13)(4 12)(3 9)(2 7)(1 11),(8 13)(6 10)(4 12)(3 9)(2 7)(1 11),(6 13)(5 9)(4 10)(3 12)(2 7)(1 11),(6 9)(5 13)(4 10)(3 12)(2 7)(1 11),(8 9)(5 13)(4 10)(3 12)(2 7)(1 11),(8 9)(6 13)(4 10)(3 12)(2 7)(1 11),(6 10)(5 9)(4 13)(3 12)(2 7)(1 11),(8 10)(5 9)(4 13)(3 12)(2 7)(1 11),(6 9)(5 10)(4 13)(3 12)(2 7)(1 11),(8 9)(5 10)(4 13)(3 12)(2 7)(1 11),(8 10)(6 9)(4 13)(3 12)(2 7)(1 11),(8 9)(6 10)(4 13)(3 12)(2 7)(1 11),(6 10)(5 9)(4 12)(3 13)(2 7)(1 11),(8 10)(5 9)(4 12)(3 13)(2 7)(1 11),(6 9)(5 10)(4 12)(3 13)(2 7)(1 11),(8 9)(5 10)(4 12)(3 13)(2 7)(1 11),(8 10)(6 9)(4 12)(3 13)(2 7)(1 11),(8 9)(6 10)(4 12)(3 13)(2 7)(1 11),(8 12)(7 10)(4 13)(3 5)(2 9)(1 11),(7 10)(5 12)(4 13)(3 6)(2 9)(1 11),(8 12)(7 10)(4 13)(3 6)(2 9)(1 11),(7 10)(5 12)(4 13)(3 8)(2 9)(1 11),(6 10)(5 7)(4 13)(3 12)(2 9)(1 11),(8 10)(5 7)(4 13)(3 12)(2 9)(1 11),(6 7)(5 10)(4 13)(3 12)(2 9)(1 11),(7 8)(5 10)(4 13)(3 12)(2 9)(1 11),(8 10)(6 7)(4 13)(3 12)(2 9)(1 11),(7 8)(6 10)(4 13)(3 12)(2 9)(1 11),(6 12)(5 7)(4 10)(3 13)(2 9)(1 11),(6 7)(5 12)(4 10)(3 13)(2 9)(1 11),(7 8)(5 12)(4 10)(3 13)(2 9)(1 11),(7 8)(6 12)(4 10)(3 13)(2 9)(1 11),(6 10)(5 7)(4 12)(3 13)(2 9)(1 11),(8 10)(5 7)(4 12)(3 13)(2 9)(1 11),(6 7)(5 10)(4 12)(3 13)(2 9)(1 11),(7 8)(5 10)(4 12)(3 13)(2 9)(1 11),(8 10)(6 7)(4 12)(3 13)(2 9)(1 11),(7 8)(6 10)(4 12)(3 13)(2 9)(1 11),(8 12)(6 10)(5 7)(4 13)(2 9)(1 11),(8 10)(6 12)(5 7)(4 13)(2 9)(1 11),(8 12)(6 7)(5 10)(4 13)(2 9)(1 11),(7 8)(6 12)(5 10)(4 13)(2 9)(1 11),(8 10)(6 7)(5 12)(4 13)(2 9)(1 11),(7 8)(6 10)(5 12)(4 13)(2 9)(1 11),(6 9)(5 7)(4 13)(3 12)(2 10)(1 11),(8 9)(5 7)(4 13)(3 12)(2 10)(1 11),(6 7)(5 9)(4 13)(3 12)(2 10)(1 11),(7 8)(5 9)(4 13)(3 12)(2 10)(1 11),(8 9)(6 7)(4 13)(3 12)(2 10)(1 11),(7 8)(6 9)(4 13)(3 12)(2 10)(1 11),(6 9)(5 7)(4 12)(3 13)(2 10)(1 11),(8 9)(5 7)(4 12)(3 13)(2 10)(1 11),(6 7)(5 9)(4 12)(3 13)(2 10)(1 11),(7 8)(5 9)(4 12)(3 13)(2 10)(1 11),(8 9)(6 7)(4 12)(3 13)(2 10)(1 11),(7 8)(6 9)(4 12)(3 13)(2 10)(1 11),(10 13)(7 8)(5 9)(3 4)(2 12)(1 11),(9 13)(6 7)(5 10)(3 4)(2 12)(1 11),(8 9)(6 7)(5 13)(3 4)(2 12)(1 11),(8 10)(6 7)(5 13)(3 4)(2 12)(1 11),(7 8)(6 9)(5 13)(3 4)(2 12)(1 11),(7 8)(6 10)(5 13)(3 4)(2 12)(1 11),(9 13)(8 10)(6 7)(3 4)(2 12)(1 11),(10 13)(7 8)(6 9)(3 4)(2 12)(1 11),(8 10)(7 13)(6 9)(3 4)(2 12)(1 11),(8 9)(7 13)(6 10)(3 4)(2 12)(1 11),(7 9)(6 13)(4 8)(3 5)(2 12)(1 11),(7 10)(6 13)(4 8)(3 5)(2 12)(1 11),(9 10)(6 13)(4 8)(3 5)(2 12)(1 11),(7 9)(6 13)(4 10)(3 5)(2 12)(1 11),(8 9)(6 13)(4 10)(3 5)(2 12)(1 11),(7 10)(6 9)(4 13)(3 5)(2 12)(1 11),(8 9)(7 10)(4 13)(3 5)(2 12)(1 11),(8 9)(7 10)(6 13)(3 5)(2 12)(1 11),(8 13)(7 9)(4 5)(3 6)(2 12)(1 11),(8 13)(7 10)(4 5)(3 6)(2 12)(1 11),(9 10)(8 13)(4 5)(3 6)(2 12)(1 11),(7 9)(5 13)(4 8)(3 6)(2 12)(1 11),(7 10)(5 13)(4 8)(3 6)(2 12)(1 11),(9 10)(5 13)(4 8)(3 6)(2 12)(1 11),(9 10)(7 13)(4 8)(3 6)(2 12)(1 11),(7 9)(5 13)(4 10)(3 6)(2 12)(1 11),(8 9)(5 13)(4 10)(3 6)(2 12)(1 11),(8 9)(7 13)(4 10)(3 6)(2 12)(1 11),(7 10)(5 9)(4 13)(3 6)(2 12)(1 11),(8 9)(7 10)(4 13)(3 6)(2 12)(1 11),(8 9)(7 10)(5 13)(3 6)(2 12)(1 11),(7 9)(5 13)(4 6)(3 8)(2 12)(1 11),(7 10)(5 13)(4 6)(3 8)(2 12)(1 11),(9 10)(5 13)(4 6)(3 8)(2 12)(1 11),(9 10)(7 13)(4 6)(3 8)(2 12)(1 11),(6 9)(5 13)(4 10)(3 8)(2 12)(1 11),(7 9)(5 13)(4 10)(3 8)(2 12)(1 11),(7 13)(6 9)(4 10)(3 8)(2 12)(1 11),(7 10)(5 9)(4 13)(3 8)(2 12)(1 11),(7 10)(6 9)(4 13)(3 8)(2 12)(1 11),(7 10)(6 9)(5 13)(3 8)(2 12)(1 11),(8 13)(6 10)(4 5)(3 9)(2 12)(1 11),(8 13)(7 10)(4 5)(3 9)(2 12)(1 11),(7 10)(5 13)(4 6)(3 9)(2 12)(1 11),(8 10)(5 13)(4 6)(3 9)(2 12)(1 11),(8 10)(7 13)(4 6)(3 9)(2 12)(1 11),(6 10)(5 13)(4 8)(3 9)(2 12)(1 11),(7 10)(5 13)(4 8)(3 9)(2 12)(1 11),(7 13)(6 10)(4 8)(3 9)(2 12)(1 11),(6 10)(5 7)(4 13)(3 9)(2 12)(1 11),(8 10)(5 7)(4 13)(3 9)(2 12)(1 11),(6 7)(5 10)(4 13)(3 9)(2 12)(1 11),(7 8)(5 10)(4 13)(3 9)(2 12)(1 11),(8 10)(6 7)(4 13)(3 9)(2 12)(1 11),(7 8)(6 10)(4 13)(3 9)(2 12)(1 11),(8 10)(6 7)(5 13)(3 9)(2 12)(1 11),(7 8)(6 10)(5 13)(3 9)(2 12)(1 11),(7 9)(6 10)(4 5)(3 13)(2 12)(1 11),(8 10)(7 9)(4 5)(3 13)(2 12)(1 11),(7 9)(5 10)(4 6)(3 13)(2 12)(1 11),(8 10)(7 9)(4 6)(3 13)(2 12)(1 11),(7 9)(5 10)(4 8)(3 13)(2 12)(1 11),(7 9)(6 10)(4 8)(3 13)(2 12)(1 11),(6 9)(5 7)(4 10)(3 13)(2 12)(1 11),(8 9)(5 7)(4 10)(3 13)(2 12)(1 11),(6 7)(5 9)(4 10)(3 13)(2 12)(1 11),(7 8)(5 9)(4 10)(3 13)(2 12)(1 11),(8 9)(6 7)(4 10)(3 13)(2 12)(1 11),(7 8)(6 9)(4 10)(3 13)(2 12)(1 11),(8 10)(6 9)(5 7)(3 13)(2 12)(1 11),(8 9)(6 10)(5 7)(3 13)(2 12)(1 11),(8 10)(6 7)(5 9)(3 13)(2 12)(1 11),(7 8)(6 10)(5 9)(3 13)(2 12)(1 11),(8 9)(6 7)(5 10)(3 13)(2 12)(1 11),(7 8)(6 9)(5 10)(3 13)(2 12)(1 11),(8 13)(7 9)(6 10)(4 5)(2 12)(1 11),(8 10)(7 9)(5 13)(4 6)(2 12)(1 11),(7 9)(6 10)(5 13)(4 8)(2 12)(1 11),(8 9)(6 7)(5 13)(4 10)(2 12)(1 11),(7 8)(6 9)(5 13)(4 10)(2 12)(1 11),(8 10)(6 9)(5 7)(4 13)(2 12)(1 11),(8 9)(6 10)(5 7)(4 13)(2 12)(1 11),(8 10)(6 7)(5 9)(4 13)(2 12)(1 11),(7 8)(6 10)(5 9)(4 13)(2 12)(1 11),(8 9)(6 7)(5 10)(4 13)(2 12)(1 11),(7 8)(6 9)(5 10)(4 13)(2 12)(1 11),(8 12)(6 9)(5 7)(3 4)(2 13)(1 11),(8 12)(6 10)(5 7)(3 4)(2 13)(1 11),(10 12)(8 9)(5 7)(3 4)(2 13)(1 11),(9 12)(8 10)(5 7)(3 4)(2 13)(1 11),(8 12)(6 7)(5 9)(3 4)(2 13)(1 11),(7 12)(6 10)(5 9)(3 4)(2 13)(1 11),(8 10)(7 12)(5 9)(3 4)(2 13)(1 11),(8 12)(6 7)(5 10)(3 4)(2 13)(1 11),(9 12)(7 8)(5 10)(3 4)(2 13)(1 11),(8 9)(6 7)(5 12)(3 4)(2 13)(1 11),(8 10)(6 7)(5 12)(3 4)(2 13)(1 11),(7 8)(6 9)(5 12)(3 4)(2 13)(1 11),(7 8)(6 10)(5 12)(3 4)(2 13)(1 11),(10 12)(8 9)(6 7)(3 4)(2 13)(1 11),(8 12)(7 9)(4 6)(3 5)(2 13)(1 11),(8 12)(7 10)(4 6)(3 5)(2 13)(1 11),(9 10)(7 12)(4 6)(3 5)(2 13)(1 11),(9 10)(8 12)(4 6)(3 5)(2 13)(1 11),(9 12)(7 10)(4 8)(3 5)(2 13)(1 11),(9 10)(7 12)(4 8)(3 5)(2 13)(1 11),(7 12)(6 9)(4 10)(3 5)(2 13)(1 11),(8 9)(7 12)(4 10)(3 5)(2 13)(1 11),(7 10)(6 9)(4 12)(3 5)(2 13)(1 11),(8 9)(7 10)(4 12)(3 5)(2 13)(1 11),(9 12)(7 10)(4 5)(3 6)(2 13)(1 11),(7 9)(5 12)(4 8)(3 6)(2 13)(1 11),(7 10)(5 12)(4 8)(3 6)(2 13)(1 11),(9 10)(5 12)(4 8)(3 6)(2 13)(1 11),(9 12)(7 10)(4 8)(3 6)(2 13)(1 11),(7 12)(5 9)(4 10)(3 6)(2 13)(1 11),(7 9)(5 12)(4 10)(3 6)(2 13)(1 11),(8 9)(5 12)(4 10)(3 6)(2 13)(1 11),(7 10)(5 9)(4 12)(3 6)(2 13)(1 11),(8 9)(7 10)(4 12)(3 6)(2 13)(1 11),(8 9)(7 10)(5 12)(3 6)(2 13)(1 11),(10 12)(7 9)(4 5)(3 8)(2 13)(1 11),(9 12)(7 10)(4 5)(3 8)(2 13)(1 11),(7 9)(5 12)(4 6)(3 8)(2 13)(1 11),(7 10)(5 12)(4 6)(3 8)(2 13)(1 11),(9 10)(5 12)(4 6)(3 8)(2 13)(1 11),(10 12)(7 9)(4 6)(3 8)(2 13)(1 11),(7 12)(5 9)(4 10)(3 8)(2 13)(1 11),(6 9)(5 12)(4 10)(3 8)(2 13)(1 11),(7 9)(5 12)(4 10)(3 8)(2 13)(1 11),(7 10)(5 9)(4 12)(3 8)(2 13)(1 11),(7 10)(6 9)(4 12)(3 8)(2 13)(1 11),(7 10)(6 9)(5 12)(3 8)(2 13)(1 11),(7 10)(6 12)(4 5)(3 9)(2 13)(1 11),(8 10)(6 12)(4 5)(3 9)(2 13)(1 11),(8 12)(5 10)(4 6)(3 9)(2 13)(1 11),(7 10)(5 12)(4 6)(3 9)(2 13)(1 11),(8 10)(5 12)(4 6)(3 9)(2 13)(1 11),(8 12)(7 10)(4 6)(3 9)(2 13)(1 11),(6 12)(5 10)(4 8)(3 9)(2 13)(1 11),(6 10)(5 12)(4 8)(3 9)(2 13)(1 11),(7 10)(5 12)(4 8)(3 9)(2 13)(1 11),(7 10)(6 12)(4 8)(3 9)(2 13)(1 11),(6 10)(5 7)(4 12)(3 9)(2 13)(1 11),(8 10)(5 7)(4 12)(3 9)(2 13)(1 11),(6 7)(5 10)(4 12)(3 9)(2 13)(1 11),(7 8)(5 10)(4 12)(3 9)(2 13)(1 11),(8 10)(6 7)(4 12)(3 9)(2 13)(1 11),(7 8)(6 10)(4 12)(3 9)(2 13)(1 11),(8 10)(6 12)(5 7)(3 9)(2 13)(1 11),(7 8)(6 12)(5 10)(3 9)(2 13)(1 11),(8 10)(6 7)(5 12)(3 9)(2 13)(1 11),(7 8)(6 10)(5 12)(3 9)(2 13)(1 11),(7 9)(6 10)(4 5)(3 12)(2 13)(1 11),(8 10)(7 9)(4 5)(3 12)(2 13)(1 11),(7 9)(5 10)(4 6)(3 12)(2 13)(1 11),(8 10)(7 9)(4 6)(3 12)(2 13)(1 11),(7 9)(5 10)(4 8)(3 12)(2 13)(1 11),(7 9)(6 10)(4 8)(3 12)(2 13)(1 11),(6 9)(5 7)(4 10)(3 12)(2 13)(1 11),(8 9)(5 7)(4 10)(3 12)(2 13)(1 11),(6 7)(5 9)(4 10)(3 12)(2 13)(1 11),(7 8)(5 9)(4 10)(3 12)(2 13)(1 11),(8 9)(6 7)(4 10)(3 12)(2 13)(1 11),(7 8)(6 9)(4 10)(3 12)(2 13)(1 11),(8 10)(6 9)(5 7)(3 12)(2 13)(1 11),(8 9)(6 10)(5 7)(3 12)(2 13)(1 11),(8 10)(6 7)(5 9)(3 12)(2 13)(1 11),(7 8)(6 10)(5 9)(3 12)(2 13)(1 11),(8 9)(6 7)(5 10)(3 12)(2 13)(1 11),(7 8)(6 9)(5 10)(3 12)(2 13)(1 11),(8 10)(7 9)(6 12)(4 5)(2 13)(1 11),(8 12)(7 9)(5 10)(4 6)(2 13)(1 11),(8 10)(7 9)(5 12)(4 6)(2 13)(1 11),(7 9)(6 12)(5 10)(4 8)(2 13)(1 11),(7 9)(6 10)(5 12)(4 8)(2 13)(1 11),(8 9)(6 12)(5 7)(4 10)(2 13)(1 11),(7 8)(6 12)(5 9)(4 10)(2 13)(1 11),(8 9)(6 7)(5 12)(4 10)(2 13)(1 11),(7 8)(6 9)(5 12)(4 10)(2 13)(1 11),(8 10)(6 9)(5 7)(4 12)(2 13)(1 11),(8 9)(6 10)(5 7)(4 12)(2 13)(1 11),(8 10)(6 7)(5 9)(4 12)(2 13)(1 11),(7 8)(6 10)(5 9)(4 12)(2 13)(1 11),(8 9)(6 7)(5 10)(4 12)(2 13)(1 11),(7 8)(6 9)(5 10)(4 12)(2 13)(1 11),(8 13)(5 10)(4 11)(3 9)(2 7)(1 12),(6 10)(5 13)(4 11)(3 9)(2 7)(1 12),(8 10)(5 13)(4 11)(3 9)(2 7)(1 12),(8 13)(6 10)(4 11)(3 9)(2 7)(1 12),(6 13)(5 9)(4 10)(3 11)(2 7)(1 12),(6 9)(5 13)(4 10)(3 11)(2 7)(1 12),(8 9)(5 13)(4 10)(3 11)(2 7)(1 12),(8 9)(6 13)(4 10)(3 11)(2 7)(1 12),(6 10)(5 9)(4 13)(3 11)(2 7)(1 12),(8 10)(5 9)(4 13)(3 11)(2 7)(1 12),(6 9)(5 10)(4 13)(3 11)(2 7)(1 12),(8 9)(5 10)(4 13)(3 11)(2 7)(1 12),(8 10)(6 9)(4 13)(3 11)(2 7)(1 12),(8 9)(6 10)(4 13)(3 11)(2 7)(1 12),(6 10)(5 9)(4 11)(3 13)(2 7)(1 12),(8 10)(5 9)(4 11)(3 13)(2 7)(1 12),(6 9)(5 10)(4 11)(3 13)(2 7)(1 12),(8 9)(5 10)(4 11)(3 13)(2 7)(1 12),(8 10)(6 9)(4 11)(3 13)(2 7)(1 12),(8 9)(6 10)(4 11)(3 13)(2 7)(1 12),(6 10)(5 7)(4 13)(3 11)(2 9)(1 12),(8 10)(5 7)(4 13)(3 11)(2 9)(1 12),(6 7)(5 10)(4 13)(3 11)(2 9)(1 12),(7 8)(5 10)(4 13)(3 11)(2 9)(1 12),(8 10)(6 7)(4 13)(3 11)(2 9)(1 12),(7 8)(6 10)(4 13)(3 11)(2 9)(1 12),(6 10)(5 7)(4 11)(3 13)(2 9)(1 12),(8 10)(5 7)(4 11)(3 13)(2 9)(1 12),(6 7)(5 10)(4 11)(3 13)(2 9)(1 12),(7 8)(5 10)(4 11)(3 13)(2 9)(1 12),(8 10)(6 7)(4 11)(3 13)(2 9)(1 12),(7 8)(6 10)(4 11)(3 13)(2 9)(1 12),(8 11)(5 7)(4 13)(3 9)(2 10)(1 12),(6 7)(5 11)(4 13)(3 9)(2 10)(1 12),(7 8)(5 11)(4 13)(3 9)(2 10)(1 12),(8 11)(6 7)(4 13)(3 9)(2 10)(1 12),(6 9)(5 7)(4 13)(3 11)(2 10)(1 12),(8 9)(5 7)(4 13)(3 11)(2 10)(1 12),(6 7)(5 9)(4 13)(3 11)(2 10)(1 12),(7 8)(5 9)(4 13)(3 11)(2 10)(1 12),(8 9)(6 7)(4 13)(3 11)(2 10)(1 12),(7 8)(6 9)(4 13)(3 11)(2 10)(1 12),(7 9)(6 11)(4 5)(3 13)(2 10)(1 12),(7 9)(5 11)(4 6)(3 13)(2 10)(1 12),(7 9)(5 11)(4 8)(3 13)(2 10)(1 12),(7 9)(6 11)(4 8)(3 13)(2 10)(1 12),(6 9)(5 7)(4 11)(3 13)(2 10)(1 12),(8 9)(5 7)(4 11)(3 13)(2 10)(1 12),(6 7)(5 9)(4 11)(3 13)(2 10)(1 12),(7 8)(5 9)(4 11)(3 13)(2 10)(1 12),(8 9)(6 7)(4 11)(3 13)(2 10)(1 12),(7 8)(6 9)(4 11)(3 13)(2 10)(1 12),(8 11)(6 9)(5 7)(3 13)(2 10)(1 12),(8 9)(6 11)(5 7)(3 13)(2 10)(1 12),(8 11)(6 7)(5 9)(3 13)(2 10)(1 12),(7 8)(6 11)(5 9)(3 13)(2 10)(1 12),(8 9)(6 7)(5 11)(3 13)(2 10)(1 12),(7 8)(6 9)(5 11)(3 13)(2 10)(1 12),(10 13)(7 8)(5 9)(3 4)(2 11)(1 12),(9 13)(6 7)(5 10)(3 4)(2 11)(1 12),(8 9)(6 7)(5 13)(3 4)(2 11)(1 12),(8 10)(6 7)(5 13)(3 4)(2 11)(1 12),(7 8)(6 9)(5 13)(3 4)(2 11)(1 12),(7 8)(6 10)(5 13)(3 4)(2 11)(1 12),(9 13)(8 10)(6 7)(3 4)(2 11)(1 12),(10 13)(7 8)(6 9)(3 4)(2 11)(1 12),(8 10)(7 13)(6 9)(3 4)(2 11)(1 12),(8 9)(7 13)(6 10)(3 4)(2 11)(1 12),(7 9)(6 13)(4 8)(3 5)(2 11)(1 12),(7 10)(6 13)(4 8)(3 5)(2 11)(1 12),(9 10)(6 13)(4 8)(3 5)(2 11)(1 12),(7 9)(6 13)(4 10)(3 5)(2 11)(1 12),(8 9)(6 13)(4 10)(3 5)(2 11)(1 12),(7 10)(6 9)(4 13)(3 5)(2 11)(1 12),(8 9)(7 10)(4 13)(3 5)(2 11)(1 12),(8 9)(7 10)(6 13)(3 5)(2 11)(1 12),(8 13)(7 9)(4 5)(3 6)(2 11)(1 12),(8 13)(7 10)(4 5)(3 6)(2 11)(1 12),(9 10)(8 13)(4 5)(3 6)(2 11)(1 12),(7 9)(5 13)(4 8)(3 6)(2 11)(1 12),(7 10)(5 13)(4 8)(3 6)(2 11)(1 12),(9 10)(5 13)(4 8)(3 6)(2 11)(1 12),(9 10)(7 13)(4 8)(3 6)(2 11)(1 12),(7 9)(5 13)(4 10)(3 6)(2 11)(1 12),(8 9)(5 13)(4 10)(3 6)(2 11)(1 12),(8 9)(7 13)(4 10)(3 6)(2 11)(1 12),(7 10)(5 9)(4 13)(3 6)(2 11)(1 12),(8 9)(7 10)(4 13)(3 6)(2 11)(1 12),(8 9)(7 10)(5 13)(3 6)(2 11)(1 12),(7 9)(5 13)(4 6)(3 8)(2 11)(1 12),(7 10)(5 13)(4 6)(3 8)(2 11)(1 12),(9 10)(5 13)(4 6)(3 8)(2 11)(1 12),(9 10)(7 13)(4 6)(3 8)(2 11)(1 12),(6 9)(5 13)(4 10)(3 8)(2 11)(1 12),(7 9)(5 13)(4 10)(3 8)(2 11)(1 12),(7 13)(6 9)(4 10)(3 8)(2 11)(1 12),(7 10)(5 9)(4 13)(3 8)(2 11)(1 12),(7 10)(6 9)(4 13)(3 8)(2 11)(1 12),(7 10)(6 9)(5 13)(3 8)(2 11)(1 12),(8 13)(6 10)(4 5)(3 9)(2 11)(1 12),(8 13)(7 10)(4 5)(3 9)(2 11)(1 12),(7 10)(5 13)(4 6)(3 9)(2 11)(1 12),(8 10)(5 13)(4 6)(3 9)(2 11)(1 12),(8 10)(7 13)(4 6)(3 9)(2 11)(1 12),(6 10)(5 13)(4 8)(3 9)(2 11)(1 12),(7 10)(5 13)(4 8)(3 9)(2 11)(1 12),(7 13)(6 10)(4 8)(3 9)(2 11)(1 12),(6 10)(5 7)(4 13)(3 9)(2 11)(1 12),(8 10)(5 7)(4 13)(3 9)(2 11)(1 12),(6 7)(5 10)(4 13)(3 9)(2 11)(1 12),(7 8)(5 10)(4 13)(3 9)(2 11)(1 12),(8 10)(6 7)(4 13)(3 9)(2 11)(1 12),(7 8)(6 10)(4 13)(3 9)(2 11)(1 12),(8 10)(6 7)(5 13)(3 9)(2 11)(1 12),(7 8)(6 10)(5 13)(3 9)(2 11)(1 12),(7 9)(6 10)(4 5)(3 13)(2 11)(1 12),(8 10)(7 9)(4 5)(3 13)(2 11)(1 12),(7 9)(5 10)(4 6)(3 13)(2 11)(1 12),(8 10)(7 9)(4 6)(3 13)(2 11)(1 12),(7 9)(5 10)(4 8)(3 13)(2 11)(1 12),(7 9)(6 10)(4 8)(3 13)(2 11)(1 12),(6 9)(5 7)(4 10)(3 13)(2 11)(1 12),(8 9)(5 7)(4 10)(3 13)(2 11)(1 12),(6 7)(5 9)(4 10)(3 13)(2 11)(1 12),(7 8)(5 9)(4 10)(3 13)(2 11)(1 12),(8 9)(6 7)(4 10)(3 13)(2 11)(1 12),(7 8)(6 9)(4 10)(3 13)(2 11)(1 12),(8 10)(6 9)(5 7)(3 13)(2 11)(1 12),(8 9)(6 10)(5 7)(3 13)(2 11)(1 12),(8 10)(6 7)(5 9)(3 13)(2 11)(1 12),(7 8)(6 10)(5 9)(3 13)(2 11)(1 12),(8 9)(6 7)(5 10)(3 13)(2 11)(1 12),(7 8)(6 9)(5 10)(3 13)(2 11)(1 12),(8 13)(7 9)(6 10)(4 5)(2 11)(1 12),(8 10)(7 9)(5 13)(4 6)(2 11)(1 12),(7 9)(6 10)(5 13)(4 8)(2 11)(1 12),(8 9)(6 7)(5 13)(4 10)(2 11)(1 12),(7 8)(6 9)(5 13)(4 10)(2 11)(1 12),(8 10)(6 9)(5 7)(4 13)(2 11)(1 12),(8 9)(6 10)(5 7)(4 13)(2 11)(1 12),(8 10)(6 7)(5 9)(4 13)(2 11)(1 12),(7 8)(6 10)(5 9)(4 13)(2 11)(1 12),(8 9)(6 7)(5 10)(4 13)(2 11)(1 12),(7 8)(6 9)(5 10)(4 13)(2 11)(1 12),(10 11)(6 9)(5 7)(3 4)(2 13)(1 12),(9 11)(6 10)(5 7)(3 4)(2 13)(1 12),(8 9)(6 11)(5 7)(3 4)(2 13)(1 12),(8 10)(6 11)(5 7)(3 4)(2 13)(1 12),(10 11)(6 7)(5 9)(3 4)(2 13)(1 12),(7 8)(6 11)(5 9)(3 4)(2 13)(1 12),(7 11)(6 9)(5 10)(3 4)(2 13)(1 12),(7 8)(6 11)(5 10)(3 4)(2 13)(1 12),(8 9)(7 11)(5 10)(3 4)(2 13)(1 12),(8 9)(6 7)(5 11)(3 4)(2 13)(1 12),(8 10)(6 7)(5 11)(3 4)(2 13)(1 12),(7 8)(6 9)(5 11)(3 4)(2 13)(1 12),(7 8)(6 10)(5 11)(3 4)(2 13)(1 12),(9 11)(7 8)(6 10)(3 4)(2 13)(1 12),(10 11)(7 9)(4 6)(3 5)(2 13)(1 12),(9 11)(7 10)(4 6)(3 5)(2 13)(1 12),(10 11)(7 9)(4 8)(3 5)(2 13)(1 12),(8 11)(6 9)(4 10)(3 5)(2 13)(1 12),(8 11)(7 9)(4 10)(3 5)(2 13)(1 12),(7 10)(6 9)(4 11)(3 5)(2 13)(1 12),(8 9)(7 10)(4 11)(3 5)(2 13)(1 12),(8 11)(7 10)(6 9)(3 5)(2 13)(1 12),(10 11)(7 9)(4 5)(3 6)(2 13)(1 12),(9 10)(7 11)(4 5)(3 6)(2 13)(1 12),(7 9)(5 11)(4 8)(3 6)(2 13)(1 12),(7 10)(5 11)(4 8)(3 6)(2 13)(1 12),(9 10)(5 11)(4 8)(3 6)(2 13)(1 12),(10 11)(7 9)(4 8)(3 6)(2 13)(1 12),(8 11)(5 9)(4 10)(3 6)(2 13)(1 12),(7 9)(5 11)(4 10)(3 6)(2 13)(1 12),(8 9)(5 11)(4 10)(3 6)(2 13)(1 12),(8 11)(7 9)(4 10)(3 6)(2 13)(1 12),(7 10)(5 9)(4 11)(3 6)(2 13)(1 12),(8 9)(7 10)(4 11)(3 6)(2 13)(1 12),(8 11)(7 10)(5 9)(3 6)(2 13)(1 12),(8 9)(7 10)(5 11)(3 6)(2 13)(1 12),(7 9)(6 11)(4 5)(3 8)(2 13)(1 12),(7 10)(6 11)(4 5)(3 8)(2 13)(1 12),(9 10)(6 11)(4 5)(3 8)(2 13)(1 12),(9 10)(7 11)(4 5)(3 8)(2 13)(1 12),(7 9)(5 11)(4 6)(3 8)(2 13)(1 12),(7 10)(5 11)(4 6)(3 8)(2 13)(1 12),(9 10)(5 11)(4 6)(3 8)(2 13)(1 12),(9 11)(7 10)(4 6)(3 8)(2 13)(1 12),(6 11)(5 9)(4 10)(3 8)(2 13)(1 12),(6 9)(5 11)(4 10)(3 8)(2 13)(1 12),(7 9)(5 11)(4 10)(3 8)(2 13)(1 12),(7 9)(6 11)(4 10)(3 8)(2 13)(1 12),(7 10)(5 9)(4 11)(3 8)(2 13)(1 12),(7 10)(6 9)(4 11)(3 8)(2 13)(1 12),(7 10)(6 11)(5 9)(3 8)(2 13)(1 12),(7 10)(6 9)(5 11)(3 8)(2 13)(1 12),(7 11)(6 10)(4 5)(3 9)(2 13)(1 12),(8 10)(7 11)(4 5)(3 9)(2 13)(1 12),(7 11)(5 10)(4 6)(3 9)(2 13)(1 12),(7 10)(5 11)(4 6)(3 9)(2 13)(1 12),(8 10)(5 11)(4 6)(3 9)(2 13)(1 12),(7 11)(5 10)(4 8)(3 9)(2 13)(1 12),(6 10)(5 11)(4 8)(3 9)(2 13)(1 12),(7 10)(5 11)(4 8)(3 9)(2 13)(1 12),(6 10)(5 7)(4 11)(3 9)(2 13)(1 12),(8 10)(5 7)(4 11)(3 9)(2 13)(1 12),(6 7)(5 10)(4 11)(3 9)(2 13)(1 12),(7 8)(5 10)(4 11)(3 9)(2 13)(1 12),(8 10)(6 7)(4 11)(3 9)(2 13)(1 12),(7 8)(6 10)(4 11)(3 9)(2 13)(1 12),(8 11)(6 10)(5 7)(3 9)(2 13)(1 12),(8 11)(6 7)(5 10)(3 9)(2 13)(1 12),(8 10)(6 7)(5 11)(3 9)(2 13)(1 12),(7 8)(6 10)(5 11)(3 9)(2 13)(1 12),(7 9)(6 10)(4 5)(3 11)(2 13)(1 12),(8 10)(7 9)(4 5)(3 11)(2 13)(1 12),(7 9)(5 10)(4 6)(3 11)(2 13)(1 12),(8 10)(7 9)(4 6)(3 11)(2 13)(1 12),(7 9)(5 10)(4 8)(3 11)(2 13)(1 12),(7 9)(6 10)(4 8)(3 11)(2 13)(1 12),(6 9)(5 7)(4 10)(3 11)(2 13)(1 12),(8 9)(5 7)(4 10)(3 11)(2 13)(1 12),(6 7)(5 9)(4 10)(3 11)(2 13)(1 12),(7 8)(5 9)(4 10)(3 11)(2 13)(1 12),(8 9)(6 7)(4 10)(3 11)(2 13)(1 12),(7 8)(6 9)(4 10)(3 11)(2 13)(1 12),(8 10)(6 9)(5 7)(3 11)(2 13)(1 12),(8 9)(6 10)(5 7)(3 11)(2 13)(1 12),(8 10)(6 7)(5 9)(3 11)(2 13)(1 12),(7 8)(6 10)(5 9)(3 11)(2 13)(1 12),(8 9)(6 7)(5 10)(3 11)(2 13)(1 12),(7 8)(6 9)(5 10)(3 11)(2 13)(1 12),(8 10)(7 9)(5 11)(4 6)(2 13)(1 12),(7 9)(6 10)(5 11)(4 8)(2 13)(1 12),(8 11)(6 9)(5 7)(4 10)(2 13)(1 12),(8 11)(6 7)(5 9)(4 10)(2 13)(1 12),(8 9)(6 7)(5 11)(4 10)(2 13)(1 12),(7 8)(6 9)(5 11)(4 10)(2 13)(1 12),(8 10)(6 9)(5 7)(4 11)(2 13)(1 12),(8 9)(6 10)(5 7)(4 11)(2 13)(1 12),(8 10)(6 7)(5 9)(4 11)(2 13)(1 12),(7 8)(6 10)(5 9)(4 11)(2 13)(1 12),(8 9)(6 7)(5 10)(4 11)(2 13)(1 12),(7 8)(6 9)(5 10)(4 11)(2 13)(1 12),(6 10)(5 9)(4 12)(3 11)(2 7)(1 13),(8 10)(5 9)(4 12)(3 11)(2 7)(1 13),(6 9)(5 10)(4 12)(3 11)(2 7)(1 13),(8 9)(5 10)(4 12)(3 11)(2 7)(1 13),(8 10)(6 9)(4 12)(3 11)(2 7)(1 13),(8 9)(6 10)(4 12)(3 11)(2 7)(1 13),(6 10)(5 9)(4 11)(3 12)(2 7)(1 13),(8 10)(5 9)(4 11)(3 12)(2 7)(1 13),(6 9)(5 10)(4 11)(3 12)(2 7)(1 13),(8 9)(5 10)(4 11)(3 12)(2 7)(1 13),(8 10)(6 9)(4 11)(3 12)(2 7)(1 13),(8 9)(6 10)(4 11)(3 12)(2 7)(1 13),(8 12)(7 10)(4 11)(3 5)(2 9)(1 13),(7 10)(5 12)(4 11)(3 6)(2 9)(1 13),(8 12)(7 10)(4 11)(3 6)(2 9)(1 13),(7 10)(5 12)(4 11)(3 8)(2 9)(1 13),(6 12)(5 7)(4 10)(3 11)(2 9)(1 13),(6 7)(5 12)(4 10)(3 11)(2 9)(1 13),(7 8)(5 12)(4 10)(3 11)(2 9)(1 13),(7 8)(6 12)(4 10)(3 11)(2 9)(1 13),(6 10)(5 7)(4 12)(3 11)(2 9)(1 13),(8 10)(5 7)(4 12)(3 11)(2 9)(1 13),(6 7)(5 10)(4 12)(3 11)(2 9)(1 13),(7 8)(5 10)(4 12)(3 11)(2 9)(1 13),(8 10)(6 7)(4 12)(3 11)(2 9)(1 13),(7 8)(6 10)(4 12)(3 11)(2 9)(1 13),(6 10)(5 7)(4 11)(3 12)(2 9)(1 13),(8 10)(5 7)(4 11)(3 12)(2 9)(1 13),(6 7)(5 10)(4 11)(3 12)(2 9)(1 13),(7 8)(5 10)(4 11)(3 12)(2 9)(1 13),(8 10)(6 7)(4 11)(3 12)(2 9)(1 13),(7 8)(6 10)(4 11)(3 12)(2 9)(1 13),(8 12)(6 10)(5 7)(4 11)(2 9)(1 13),(8 10)(6 12)(5 7)(4 11)(2 9)(1 13),(8 12)(6 7)(5 10)(4 11)(2 9)(1 13),(7 8)(6 12)(5 10)(4 11)(2 9)(1 13),(8 10)(6 7)(5 12)(4 11)(2 9)(1 13),(7 8)(6 10)(5 12)(4 11)(2 9)(1 13),(8 11)(5 7)(4 12)(3 9)(2 10)(1 13),(6 7)(5 11)(4 12)(3 9)(2 10)(1 13),(7 8)(5 11)(4 12)(3 9)(2 10)(1 13),(8 11)(6 7)(4 12)(3 9)(2 10)(1 13),(6 9)(5 7)(4 12)(3 11)(2 10)(1 13),(8 9)(5 7)(4 12)(3 11)(2 10)(1 13),(6 7)(5 9)(4 12)(3 11)(2 10)(1 13),(7 8)(5 9)(4 12)(3 11)(2 10)(1 13),(8 9)(6 7)(4 12)(3 11)(2 10)(1 13),(7 8)(6 9)(4 12)(3 11)(2 10)(1 13),(7 9)(6 11)(4 5)(3 12)(2 10)(1 13),(7 9)(5 11)(4 6)(3 12)(2 10)(1 13),(7 9)(5 11)(4 8)(3 12)(2 10)(1 13),(7 9)(6 11)(4 8)(3 12)(2 10)(1 13),(6 9)(5 7)(4 11)(3 12)(2 10)(1 13),(8 9)(5 7)(4 11)(3 12)(2 10)(1 13),(6 7)(5 9)(4 11)(3 12)(2 10)(1 13),(7 8)(5 9)(4 11)(3 12)(2 10)(1 13),(8 9)(6 7)(4 11)(3 12)(2 10)(1 13),(7 8)(6 9)(4 11)(3 12)(2 10)(1 13),(8 11)(6 9)(5 7)(3 12)(2 10)(1 13),(8 9)(6 11)(5 7)(3 12)(2 10)(1 13),(8 11)(6 7)(5 9)(3 12)(2 10)(1 13),(7 8)(6 11)(5 9)(3 12)(2 10)(1 13),(8 9)(6 7)(5 11)(3 12)(2 10)(1 13),(7 8)(6 9)(5 11)(3 12)(2 10)(1 13),(8 12)(6 9)(5 7)(3 4)(2 11)(1 13),(8 12)(6 10)(5 7)(3 4)(2 11)(1 13),(10 12)(8 9)(5 7)(3 4)(2 11)(1 13),(9 12)(8 10)(5 7)(3 4)(2 11)(1 13),(8 12)(6 7)(5 9)(3 4)(2 11)(1 13),(7 12)(6 10)(5 9)(3 4)(2 11)(1 13),(8 10)(7 12)(5 9)(3 4)(2 11)(1 13),(8 12)(6 7)(5 10)(3 4)(2 11)(1 13),(9 12)(7 8)(5 10)(3 4)(2 11)(1 13),(8 9)(6 7)(5 12)(3 4)(2 11)(1 13),(8 10)(6 7)(5 12)(3 4)(2 11)(1 13),(7 8)(6 9)(5 12)(3 4)(2 11)(1 13),(7 8)(6 10)(5 12)(3 4)(2 11)(1 13),(10 12)(8 9)(6 7)(3 4)(2 11)(1 13),(8 12)(7 9)(4 6)(3 5)(2 11)(1 13),(8 12)(7 10)(4 6)(3 5)(2 11)(1 13),(9 10)(7 12)(4 6)(3 5)(2 11)(1 13),(9 10)(8 12)(4 6)(3 5)(2 11)(1 13),(9 12)(7 10)(4 8)(3 5)(2 11)(1 13),(9 10)(7 12)(4 8)(3 5)(2 11)(1 13),(7 12)(6 9)(4 10)(3 5)(2 11)(1 13),(8 9)(7 12)(4 10)(3 5)(2 11)(1 13),(7 10)(6 9)(4 12)(3 5)(2 11)(1 13),(8 9)(7 10)(4 12)(3 5)(2 11)(1 13),(9 12)(7 10)(4 5)(3 6)(2 11)(1 13),(7 9)(5 12)(4 8)(3 6)(2 11)(1 13),(7 10)(5 12)(4 8)(3 6)(2 11)(1 13),(9 10)(5 12)(4 8)(3 6)(2 11)(1 13),(9 12)(7 10)(4 8)(3 6)(2 11)(1 13),(7 12)(5 9)(4 10)(3 6)(2 11)(1 13),(7 9)(5 12)(4 10)(3 6)(2 11)(1 13),(8 9)(5 12)(4 10)(3 6)(2 11)(1 13),(7 10)(5 9)(4 12)(3 6)(2 11)(1 13),(8 9)(7 10)(4 12)(3 6)(2 11)(1 13),(8 9)(7 10)(5 12)(3 6)(2 11)(1 13),(10 12)(7 9)(4 5)(3 8)(2 11)(1 13),(9 12)(7 10)(4 5)(3 8)(2 11)(1 13),(7 9)(5 12)(4 6)(3 8)(2 11)(1 13),(7 10)(5 12)(4 6)(3 8)(2 11)(1 13),(9 10)(5 12)(4 6)(3 8)(2 11)(1 13),(10 12)(7 9)(4 6)(3 8)(2 11)(1 13),(7 12)(5 9)(4 10)(3 8)(2 11)(1 13),(6 9)(5 12)(4 10)(3 8)(2 11)(1 13),(7 9)(5 12)(4 10)(3 8)(2 11)(1 13),(7 10)(5 9)(4 12)(3 8)(2 11)(1 13),(7 10)(6 9)(4 12)(3 8)(2 11)(1 13),(7 10)(6 9)(5 12)(3 8)(2 11)(1 13),(7 10)(6 12)(4 5)(3 9)(2 11)(1 13),(8 10)(6 12)(4 5)(3 9)(2 11)(1 13),(8 12)(5 10)(4 6)(3 9)(2 11)(1 13),(7 10)(5 12)(4 6)(3 9)(2 11)(1 13),(8 10)(5 12)(4 6)(3 9)(2 11)(1 13),(8 12)(7 10)(4 6)(3 9)(2 11)(1 13),(6 12)(5 10)(4 8)(3 9)(2 11)(1 13),(6 10)(5 12)(4 8)(3 9)(2 11)(1 13),(7 10)(5 12)(4 8)(3 9)(2 11)(1 13),(7 10)(6 12)(4 8)(3 9)(2 11)(1 13),(6 10)(5 7)(4 12)(3 9)(2 11)(1 13),(8 10)(5 7)(4 12)(3 9)(2 11)(1 13),(6 7)(5 10)(4 12)(3 9)(2 11)(1 13),(7 8)(5 10)(4 12)(3 9)(2 11)(1 13),(8 10)(6 7)(4 12)(3 9)(2 11)(1 13),(7 8)(6 10)(4 12)(3 9)(2 11)(1 13),(8 10)(6 12)(5 7)(3 9)(2 11)(1 13),(7 8)(6 12)(5 10)(3 9)(2 11)(1 13),(8 10)(6 7)(5 12)(3 9)(2 11)(1 13),(7 8)(6 10)(5 12)(3 9)(2 11)(1 13),(7 9)(6 10)(4 5)(3 12)(2 11)(1 13),(8 10)(7 9)(4 5)(3 12)(2 11)(1 13),(7 9)(5 10)(4 6)(3 12)(2 11)(1 13),(8 10)(7 9)(4 6)(3 12)(2 11)(1 13),(7 9)(5 10)(4 8)(3 12)(2 11)(1 13),(7 9)(6 10)(4 8)(3 12)(2 11)(1 13),(6 9)(5 7)(4 10)(3 12)(2 11)(1 13),(8 9)(5 7)(4 10)(3 12)(2 11)(1 13),(6 7)(5 9)(4 10)(3 12)(2 11)(1 13),(7 8)(5 9)(4 10)(3 12)(2 11)(1 13),(8 9)(6 7)(4 10)(3 12)(2 11)(1 13),(7 8)(6 9)(4 10)(3 12)(2 11)(1 13),(8 10)(6 9)(5 7)(3 12)(2 11)(1 13),(8 9)(6 10)(5 7)(3 12)(2 11)(1 13),(8 10)(6 7)(5 9)(3 12)(2 11)(1 13),(7 8)(6 10)(5 9)(3 12)(2 11)(1 13),(8 9)(6 7)(5 10)(3 12)(2 11)(1 13),(7 8)(6 9)(5 10)(3 12)(2 11)(1 13),(8 10)(7 9)(6 12)(4 5)(2 11)(1 13),(8 12)(7 9)(5 10)(4 6)(2 11)(1 13),(8 10)(7 9)(5 12)(4 6)(2 11)(1 13),(7 9)(6 12)(5 10)(4 8)(2 11)(1 13),(7 9)(6 10)(5 12)(4 8)(2 11)(1 13),(8 9)(6 12)(5 7)(4 10)(2 11)(1 13),(7 8)(6 12)(5 9)(4 10)(2 11)(1 13),(8 9)(6 7)(5 12)(4 10)(2 11)(1 13),(7 8)(6 9)(5 12)(4 10)(2 11)(1 13),(8 10)(6 9)(5 7)(4 12)(2 11)(1 13),(8 9)(6 10)(5 7)(4 12)(2 11)(1 13),(8 10)(6 7)(5 9)(4 12)(2 11)(1 13),(7 8)(6 10)(5 9)(4 12)(2 11)(1 13),(8 9)(6 7)(5 10)(4 12)(2 11)(1 13),(7 8)(6 9)(5 10)(4 12)(2 11)(1 13),(10 11)(6 9)(5 7)(3 4)(2 12)(1 13),(9 11)(6 10)(5 7)(3 4)(2 12)(1 13),(8 9)(6 11)(5 7)(3 4)(2 12)(1 13),(8 10)(6 11)(5 7)(3 4)(2 12)(1 13),(10 11)(6 7)(5 9)(3 4)(2 12)(1 13),(7 8)(6 11)(5 9)(3 4)(2 12)(1 13),(7 11)(6 9)(5 10)(3 4)(2 12)(1 13),(7 8)(6 11)(5 10)(3 4)(2 12)(1 13),(8 9)(7 11)(5 10)(3 4)(2 12)(1 13),(8 9)(6 7)(5 11)(3 4)(2 12)(1 13),(8 10)(6 7)(5 11)(3 4)(2 12)(1 13),(7 8)(6 9)(5 11)(3 4)(2 12)(1 13),(7 8)(6 10)(5 11)(3 4)(2 12)(1 13),(9 11)(7 8)(6 10)(3 4)(2 12)(1 13),(10 11)(7 9)(4 6)(3 5)(2 12)(1 13),(9 11)(7 10)(4 6)(3 5)(2 12)(1 13),(10 11)(7 9)(4 8)(3 5)(2 12)(1 13),(8 11)(6 9)(4 10)(3 5)(2 12)(1 13),(8 11)(7 9)(4 10)(3 5)(2 12)(1 13),(7 10)(6 9)(4 11)(3 5)(2 12)(1 13),(8 9)(7 10)(4 11)(3 5)(2 12)(1 13),(8 11)(7 10)(6 9)(3 5)(2 12)(1 13),(10 11)(7 9)(4 5)(3 6)(2 12)(1 13),(9 10)(7 11)(4 5)(3 6)(2 12)(1 13),(7 9)(5 11)(4 8)(3 6)(2 12)(1 13),(7 10)(5 11)(4 8)(3 6)(2 12)(1 13),(9 10)(5 11)(4 8)(3 6)(2 12)(1 13),(10 11)(7 9)(4 8)(3 6)(2 12)(1 13),(8 11)(5 9)(4 10)(3 6)(2 12)(1 13),(7 9)(5 11)(4 10)(3 6)(2 12)(1 13),(8 9)(5 11)(4 10)(3 6)(2 12)(1 13),(8 11)(7 9)(4 10)(3 6)(2 12)(1 13),(7 10)(5 9)(4 11)(3 6)(2 12)(1 13),(8 9)(7 10)(4 11)(3 6)(2 12)(1 13),(8 11)(7 10)(5 9)(3 6)(2 12)(1 13),(8 9)(7 10)(5 11)(3 6)(2 12)(1 13),(7 9)(6 11)(4 5)(3 8)(2 12)(1 13),(7 10)(6 11)(4 5)(3 8)(2 12)(1 13),(9 10)(6 11)(4 5)(3 8)(2 12)(1 13),(9 10)(7 11)(4 5)(3 8)(2 12)(1 13),(7 9)(5 11)(4 6)(3 8)(2 12)(1 13),(7 10)(5 11)(4 6)(3 8)(2 12)(1 13),(9 10)(5 11)(4 6)(3 8)(2 12)(1 13),(9 11)(7 10)(4 6)(3 8)(2 12)(1 13),(6 11)(5 9)(4 10)(3 8)(2 12)(1 13),(6 9)(5 11)(4 10)(3 8)(2 12)(1 13),(7 9)(5 11)(4 10)(3 8)(2 12)(1 13),(7 9)(6 11)(4 10)(3 8)(2 12)(1 13),(7 10)(5 9)(4 11)(3 8)(2 12)(1 13),(7 10)(6 9)(4 11)(3 8)(2 12)(1 13),(7 10)(6 11)(5 9)(3 8)(2 12)(1 13),(7 10)(6 9)(5 11)(3 8)(2 12)(1 13),(7 11)(6 10)(4 5)(3 9)(2 12)(1 13),(8 10)(7 11)(4 5)(3 9)(2 12)(1 13),(7 11)(5 10)(4 6)(3 9)(2 12)(1 13),(7 10)(5 11)(4 6)(3 9)(2 12)(1 13),(8 10)(5 11)(4 6)(3 9)(2 12)(1 13),(7 11)(5 10)(4 8)(3 9)(2 12)(1 13),(6 10)(5 11)(4 8)(3 9)(2 12)(1 13),(7 10)(5 11)(4 8)(3 9)(2 12)(1 13),(6 10)(5 7)(4 11)(3 9)(2 12)(1 13),(8 10)(5 7)(4 11)(3 9)(2 12)(1 13),(6 7)(5 10)(4 11)(3 9)(2 12)(1 13),(7 8)(5 10)(4 11)(3 9)(2 12)(1 13),(8 10)(6 7)(4 11)(3 9)(2 12)(1 13),(7 8)(6 10)(4 11)(3 9)(2 12)(1 13),(8 11)(6 10)(5 7)(3 9)(2 12)(1 13),(8 11)(6 7)(5 10)(3 9)(2 12)(1 13),(8 10)(6 7)(5 11)(3 9)(2 12)(1 13),(7 8)(6 10)(5 11)(3 9)(2 12)(1 13),(7 9)(6 10)(4 5)(3 11)(2 12)(1 13),(8 10)(7 9)(4 5)(3 11)(2 12)(1 13),(7 9)(5 10)(4 6)(3 11)(2 12)(1 13),(8 10)(7 9)(4 6)(3 11)(2 12)(1 13),(7 9)(5 10)(4 8)(3 11)(2 12)(1 13),(7 9)(6 10)(4 8)(3 11)(2 12)(1 13),(6 9)(5 7)(4 10)(3 11)(2 12)(1 13),(8 9)(5 7)(4 10)(3 11)(2 12)(1 13),(6 7)(5 9)(4 10)(3 11)(2 12)(1 13),(7 8)(5 9)(4 10)(3 11)(2 12)(1 13),(8 9)(6 7)(4 10)(3 11)(2 12)(1 13),(7 8)(6 9)(4 10)(3 11)(2 12)(1 13),(8 10)(6 9)(5 7)(3 11)(2 12)(1 13),(8 9)(6 10)(5 7)(3 11)(2 12)(1 13),(8 10)(6 7)(5 9)(3 11)(2 12)(1 13),(7 8)(6 10)(5 9)(3 11)(2 12)(1 13),(8 9)(6 7)(5 10)(3 11)(2 12)(1 13),(7 8)(6 9)(5 10)(3 11)(2 12)(1 13),(8 10)(7 9)(5 11)(4 6)(2 12)(1 13),(7 9)(6 10)(5 11)(4 8)(2 12)(1 13),(8 11)(6 9)(5 7)(4 10)(2 12)(1 13),(8 11)(6 7)(5 9)(4 10)(2 12)(1 13),(8 9)(6 7)(5 11)(4 10)(2 12)(1 13),(7 8)(6 9)(5 11)(4 10)(2 12)(1 13),(8 10)(6 9)(5 7)(4 11)(2 12)(1 13),(8 9)(6 10)(5 7)(4 11)(2 12)(1 13),(8 10)(6 7)(5 9)(4 11)(2 12)(1 13),(7 8)(6 10)(5 9)(4 11)(2 12)(1 13),(8 9)(6 7)(5 10)(4 11)(2 12)(1 13),(7 8)(6 9)(5 10)(4 11)(2 12)(1 13),(8 13)(6 10)(5 9)(4 12)(3 11)(2 7),(8 10)(6 13)(5 9)(4 12)(3 11)(2 7),(8 13)(6 9)(5 10)(4 12)(3 11)(2 7),(8 9)(6 13)(5 10)(4 12)(3 11)(2 7),(8 10)(6 9)(5 13)(4 12)(3 11)(2 7),(8 9)(6 10)(5 13)(4 12)(3 11)(2 7),(8 13)(6 10)(5 9)(4 11)(3 12)(2 7),(8 10)(6 13)(5 9)(4 11)(3 12)(2 7),(8 13)(6 9)(5 10)(4 11)(3 12)(2 7),(8 9)(6 13)(5 10)(4 11)(3 12)(2 7),(8 10)(6 9)(5 13)(4 11)(3 12)(2 7),(8 9)(6 10)(5 13)(4 11)(3 12)(2 7),(10 13)(8 12)(6 9)(5 7)(3 4)(2 11),(10 13)(8 12)(6 7)(5 9)(3 4)(2 11),(9 13)(8 12)(6 7)(5 10)(3 4)(2 11),(10 12)(8 9)(6 7)(5 13)(3 4)(2 11),(8 10)(7 12)(6 9)(5 13)(3 4)(2 11),(8 9)(7 12)(6 10)(5 13)(3 4)(2 11),(10 13)(8 12)(7 9)(4 6)(3 5)(2 11),(9 12)(7 10)(6 13)(4 8)(3 5)(2 11),(8 9)(7 12)(6 13)(4 10)(3 5)(2 11),(8 13)(7 10)(6 9)(4 12)(3 5)(2 11),(8 9)(7 10)(6 13)(4 12)(3 5)(2 11),(8 12)(7 10)(6 9)(4 13)(3 5)(2 11),(10 12)(8 13)(7 9)(4 5)(3 6)(2 11),(9 12)(8 13)(7 10)(4 5)(3 6)(2 11),(9 12)(7 10)(5 13)(4 8)(3 6)(2 11),(8 9)(7 12)(5 13)(4 10)(3 6)(2 11),(8 13)(7 10)(5 9)(4 12)(3 6)(2 11),(8 9)(7 10)(5 13)(4 12)(3 6)(2 11),(8 12)(7 10)(5 9)(4 13)(3 6)(2 11),(10 12)(7 9)(5 13)(4 6)(3 8)(2 11),(7 12)(6 9)(5 13)(4 10)(3 8)(2 11),(7 10)(6 9)(5 13)(4 12)(3 8)(2 11),(8 13)(7 10)(6 12)(4 5)(3 9)(2 11),(8 12)(7 10)(5 13)(4 6)(3 9)(2 11),(8 10)(7 12)(5 13)(4 6)(3 9)(2 11),(7 12)(6 10)(5 13)(4 8)(3 9)(2 11),(7 10)(6 12)(5 13)(4 8)(3 9)(2 11),(8 13)(6 10)(5 7)(4 12)(3 9)(2 11),(8 13)(6 7)(5 10)(4 12)(3 9)(2 11),(8 10)(6 7)(5 13)(4 12)(3 9)(2 11),(7 8)(6 10)(5 13)(4 12)(3 9)(2 11),(8 12)(6 10)(5 7)(4 13)(3 9)(2 11),(8 10)(6 12)(5 7)(4 13)(3 9)(2 11),(8 12)(6 7)(5 10)(4 13)(3 9)(2 11),(7 8)(6 12)(5 10)(4 13)(3 9)(2 11),(8 13)(7 9)(6 10)(4 5)(3 12)(2 11),(8 10)(7 9)(6 13)(4 5)(3 12)(2 11),(8 10)(7 9)(5 13)(4 6)(3 12)(2 11),(7 9)(6 13)(5 10)(4 8)(3 12)(2 11),(7 9)(6 10)(5 13)(4 8)(3 12)(2 11),(8 9)(6 13)(5 7)(4 10)(3 12)(2 11),(7 8)(6 13)(5 9)(4 10)(3 12)(2 11),(8 9)(6 7)(5 13)(4 10)(3 12)(2 11),(7 8)(6 9)(5 13)(4 10)(3 12)(2 11),(8 10)(6 9)(5 7)(4 13)(3 12)(2 11),(8 9)(6 10)(5 7)(4 13)(3 12)(2 11),(8 10)(6 7)(5 9)(4 13)(3 12)(2 11),(7 8)(6 10)(5 9)(4 13)(3 12)(2 11),(8 9)(6 7)(5 10)(4 13)(3 12)(2 11),(7 8)(6 9)(5 10)(4 13)(3 12)(2 11),(8 10)(7 9)(6 12)(4 5)(3 13)(2 11),(8 12)(7 9)(5 10)(4 6)(3 13)(2 11),(7 9)(6 12)(5 10)(4 8)(3 13)(2 11),(8 9)(6 12)(5 7)(4 10)(3 13)(2 11),(7 8)(6 12)(5 9)(4 10)(3 13)(2 11),(8 10)(6 9)(5 7)(4 12)(3 13)(2 11),(8 9)(6 10)(5 7)(4 12)(3 13)(2 11),(8 10)(6 7)(5 9)(4 12)(3 13)(2 11),(7 8)(6 10)(5 9)(4 12)(3 13)(2 11),(8 9)(6 7)(5 10)(4 12)(3 13)(2 11),(7 8)(6 9)(5 10)(4 12)(3 13)(2 11),(9 13)(8 10)(6 11)(5 7)(3 4)(2 12),(10 13)(7 8)(6 11)(5 9)(3 4)(2 12),(9 13)(7 8)(6 11)(5 10)(3 4)(2 12),(8 10)(7 11)(6 9)(5 13)(3 4)(2 12),(9 11)(7 8)(6 10)(5 13)(3 4)(2 12),(8 9)(7 11)(6 10)(5 13)(3 4)(2 12),(10 11)(7 9)(6 13)(4 8)(3 5)(2 12),(9 11)(7 10)(6 13)(4 8)(3 5)(2 12),(8 11)(7 9)(6 13)(4 10)(3 5)(2 12),(8 13)(7 10)(6 9)(4 11)(3 5)(2 12),(8 9)(7 10)(6 13)(4 11)(3 5)(2 12),(8 11)(7 10)(6 9)(4 13)(3 5)(2 12),(10 11)(8 13)(7 9)(4 5)(3 6)(2 12),(10 11)(7 9)(5 13)(4 8)(3 6)(2 12),(8 11)(7 9)(5 13)(4 10)(3 6)(2 12),(8 9)(7 11)(5 13)(4 10)(3 6)(2 12),(8 13)(7 10)(5 9)(4 11)(3 6)(2 12),(8 9)(7 10)(5 13)(4 11)(3 6)(2 12),(8 11)(7 10)(5 9)(4 13)(3 6)(2 12),(9 13)(7 10)(6 11)(4 5)(3 8)(2 12),(9 11)(7 10)(5 13)(4 6)(3 8)(2 12),(7 11)(6 9)(5 13)(4 10)(3 8)(2 12),(7 9)(6 11)(5 13)(4 10)(3 8)(2 12),(7 10)(6 9)(5 13)(4 11)(3 8)(2 12),(7 10)(6 11)(5 9)(4 13)(3 8)(2 12),(8 13)(7 11)(6 10)(4 5)(3 9)(2 12),(8 10)(7 11)(5 13)(4 6)(3 9)(2 12),(7 11)(6 10)(5 13)(4 8)(3 9)(2 12),(8 13)(6 10)(5 7)(4 11)(3 9)(2 12),(8 13)(6 7)(5 10)(4 11)(3 9)(2 12),(8 10)(6 7)(5 13)(4 11)(3 9)(2 12),(7 8)(6 10)(5 13)(4 11)(3 9)(2 12),(8 11)(6 10)(5 7)(4 13)(3 9)(2 12),(8 11)(6 7)(5 10)(4 13)(3 9)(2 12),(8 13)(7 9)(6 10)(4 5)(3 11)(2 12),(8 10)(7 9)(6 13)(4 5)(3 11)(2 12),(8 10)(7 9)(5 13)(4 6)(3 11)(2 12),(7 9)(6 13)(5 10)(4 8)(3 11)(2 12),(7 9)(6 10)(5 13)(4 8)(3 11)(2 12),(8 9)(6 13)(5 7)(4 10)(3 11)(2 12),(7 8)(6 13)(5 9)(4 10)(3 11)(2 12),(8 9)(6 7)(5 13)(4 10)(3 11)(2 12),(7 8)(6 9)(5 13)(4 10)(3 11)(2 12),(8 10)(6 9)(5 7)(4 13)(3 11)(2 12),(8 9)(6 10)(5 7)(4 13)(3 11)(2 12),(8 10)(6 7)(5 9)(4 13)(3 11)(2 12),(7 8)(6 10)(5 9)(4 13)(3 11)(2 12),(8 9)(6 7)(5 10)(4 13)(3 11)(2 12),(7 8)(6 9)(5 10)(4 13)(3 11)(2 12),(8 10)(7 9)(6 11)(4 5)(3 13)(2 12),(7 9)(6 11)(5 10)(4 8)(3 13)(2 12),(8 11)(6 9)(5 7)(4 10)(3 13)(2 12),(8 9)(6 11)(5 7)(4 10)(3 13)(2 12),(8 11)(6 7)(5 9)(4 10)(3 13)(2 12),(7 8)(6 11)(5 9)(4 10)(3 13)(2 12),(8 10)(6 9)(5 7)(4 11)(3 13)(2 12),(8 9)(6 10)(5 7)(4 11)(3 13)(2 12),(8 10)(6 7)(5 9)(4 11)(3 13)(2 12),(7 8)(6 10)(5 9)(4 11)(3 13)(2 12),(8 9)(6 7)(5 10)(4 11)(3 13)(2 12),(7 8)(6 9)(5 10)(4 11)(3 13)(2 12),(10 11)(8 12)(6 9)(5 7)(3 4)(2 13),(9 11)(8 12)(6 10)(5 7)(3 4)(2 13),(10 12)(8 9)(6 11)(5 7)(3 4)(2 13),(9 12)(8 10)(6 11)(5 7)(3 4)(2 13),(10 11)(8 12)(6 7)(5 9)(3 4)(2 13),(8 10)(7 12)(6 11)(5 9)(3 4)(2 13),(8 12)(7 11)(6 9)(5 10)(3 4)(2 13),(9 12)(7 8)(6 11)(5 10)(3 4)(2 13),(10 11)(8 12)(7 9)(4 6)(3 5)(2 13),(9 11)(8 12)(7 10)(4 6)(3 5)(2 13),(8 11)(7 12)(6 9)(4 10)(3 5)(2 13),(8 12)(7 10)(6 9)(4 11)(3 5)(2 13),(8 11)(7 10)(6 9)(4 12)(3 5)(2 13),(8 11)(7 12)(5 9)(4 10)(3 6)(2 13),(8 12)(7 10)(5 9)(4 11)(3 6)(2 13),(8 11)(7 10)(5 9)(4 12)(3 6)(2 13),(10 12)(7 9)(6 11)(4 5)(3 8)(2 13),(9 12)(7 10)(6 11)(4 5)(3 8)(2 13),(7 12)(6 11)(5 9)(4 10)(3 8)(2 13),(7 10)(6 11)(5 9)(4 12)(3 8)(2 13),(8 10)(7 11)(6 12)(4 5)(3 9)(2 13),(8 12)(7 11)(5 10)(4 6)(3 9)(2 13),(7 11)(6 12)(5 10)(4 8)(3 9)(2 13),(8 12)(6 10)(5 7)(4 11)(3 9)(2 13),(8 10)(6 12)(5 7)(4 11)(3 9)(2 13),(8 12)(6 7)(5 10)(4 11)(3 9)(2 13),(7 8)(6 12)(5 10)(4 11)(3 9)(2 13),(8 11)(6 10)(5 7)(4 12)(3 9)(2 13),(8 11)(6 7)(5 10)(4 12)(3 9)(2 13),(8 10)(7 9)(6 12)(4 5)(3 11)(2 13),(8 12)(7 9)(5 10)(4 6)(3 11)(2 13),(7 9)(6 12)(5 10)(4 8)(3 11)(2 13),(8 9)(6 12)(5 7)(4 10)(3 11)(2 13),(7 8)(6 12)(5 9)(4 10)(3 11)(2 13),(8 10)(6 9)(5 7)(4 12)(3 11)(2 13),(8 9)(6 10)(5 7)(4 12)(3 11)(2 13),(8 10)(6 7)(5 9)(4 12)(3 11)(2 13),(7 8)(6 10)(5 9)(4 12)(3 11)(2 13),(8 9)(6 7)(5 10)(4 12)(3 11)(2 13),(7 8)(6 9)(5 10)(4 12)(3 11)(2 13),(8 10)(7 9)(6 11)(4 5)(3 12)(2 13),(7 9)(6 11)(5 10)(4 8)(3 12)(2 13),(8 11)(6 9)(5 7)(4 10)(3 12)(2 13),(8 9)(6 11)(5 7)(4 10)(3 12)(2 13),(8 11)(6 7)(5 9)(4 10)(3 12)(2 13),(7 8)(6 11)(5 9)(4 10)(3 12)(2 13),(8 10)(6 9)(5 7)(4 11)(3 12)(2 13),(8 9)(6 10)(5 7)(4 11)(3 12)(2 13),(8 10)(6 7)(5 9)(4 11)(3 12)(2 13),(7 8)(6 10)(5 9)(4 11)(3 12)(2 13),(8 9)(6 7)(5 10)(4 11)(3 12)(2 13),(7 8)(6 9)(5 10)(4 11)(3 12)(2 13)
